6.51995
18.9899
25.0601
17.818
11.919
43.3107
7.31932
36.5105
4.54989
7.61441
49.163
12.3908
6.77969
12.4784
52.6659
3.90759
48.9615
24.1376
11.496
3.02999
9.74166
23.7535
6.59164
47.7998
3.68106
4.37681
43.0315
13.6118
6.477
10.4918
5.99734
46.1823
1.79677
37.1665
50.0121
12.8719
10.6234
71.7538
48.6693
33.4093
1.85293
18.8587
36.1046
5.05561
27.063
32.4701
3.72966
35.6813
46.2338
88.3584
68.4316
12.8664
47.547
25.3054
31.292
5.39278
8.45409
18.7585
38.2553
20.8094
30.2224
25.9373
51.2362
63.3066
36.7853
13.0867
11.3292
9.24262
71.6863
27.2276
12.7401
19.59
20.9957
45.0584
3.64839
3.89414
30.5509
5.18085
11.6004
1.40125
12.9924
44.0293
18.974
24.8235
51.9235
5.87673
18.8958
0.377744
14.0991
7.90233
4.6147
44.3661
30.993
58.4481
36.5325
11.2345
10.849
8.30761
16.5716
32.0791
89.4819
12.6155
26.9423
12.5177
6.90107
38.9651
17.0373
21.6939
24.4901
19.9511
46.7598
42.2833
19.1599
42.2712
13.1417
12.3626
17.6934
7.54272
42.0758
24.6549
27.2308
47.778
46.0177
38.774
16.1656
33.2378
33.1788
25.2237
20.441
24.507
12.1439
42.133
23.4068
67.7926
34.3554
43.8181
6.03011
46.8671
24.8597
29.2221
11.9248
44.2386
4.77358
29.7559
23.9932
48.3943
41.2148
1.07449
9.92542
50.1258
6.41036
25.1471
13.718
41.5922
48.4866
33.7902
3.20615
36.5519
7.24699
32.2705
7.41863
18.0741
37.1844
36.0721
39.4298
7.06806
36.4136
38.3568
16.4251
41.1565
7.59236
22.359
24.8363
37.4963
32.8058
0.609159
59.2531
23.3381
14.4551
36.6185
15.0089
7.38793
39.6621
41.1653
4.3321
12.8397
17.5923
26.8055
68.9646
20.1298
0.730135
52.6593
26.2331
36.5975
52.8915
48.6303
27.4358
40.7325
11.3128
50.308
15.6343
45.5241
39.7921
10.1552
9.67005
47.8201
47.0214
23.6646
80.7789
20.0607
47.7596
20.2021
33.4622
48.7347
38.6362
58.1388
32.9398
11.6332
10.6309
6.58571
8.31664
49.2941
0.0680017
29.1174
0.316735
37.4407
54.1823
7.22745
22.0881
31.7825
20.9201
2.31666
25.6243
28.8834
11.6805
34.3333
25.2137
5.87879
46.4564
33.3122
40.1492
30.4234
30.936
38.5735
1.06677
15.9142
5.21543
33.9752
44.2858
47.2701
46.6422
4.49444
64.6016
23.8272
1.57895
8.87855
16.1831
32.1455
21.6124
3.65414
23.1117
26.8057
46.8016
31.0287
49.6329
45.6808
3.98033
9.26198
11.5724
47.8449
5.38867
20.9721
37.0852
6.27177
14.2989
42.7975
33.4042
18.4449
47.0655
14.0448
43.8533
3.555
28.7325
30.0843
29.545
52.2242
34.1451
40.3721
0.584269
29.4499
6.66851
66.1062
19.3299
19.7565
3.75382
20.3321
4.70378
13.5781
5.50861
37.9285
32.1759
20.1073
14.4944
59.0937
12.9623
53.4065
42.778
23.4034
22.2129
2.64536
21.3275
50.4911
10.8434
29.5273
10.9253
10.7884
19.3694
45.0781
79.9493
24.4647
13.4011
37.444
58.4335
1.0869
0.375839
16.9858
49.4555
18.5506
46.6496
48.5699
10.9366
30.3888
22.5967
10.0728
8.92966
42.8177
37.5672
47.4307
44.5886
13.3499
2.75795
3.99754
31.6235
48.7326
16.2939
15.3033
10.8521
33.6514
10.2752
24.5926
23.8116
23.8137
49.7784
0.528909
49.5821
38.2954
40.3244
34.156
49.5818
7.11
33.2808
11.9099
59.7123
33.0848
45.4778
43.3931
37.8151
45.4663
28.5575
13.0297
7.89856
1.06112
42.1814
28.4214
12.5467
17.3124
28.1164
3.59679
20.1667
41.7551
7.017
5.51116
21.9929
44.0171
10.8149
35.2861
3.15431
33.1365
1.38867
46.8998
82.3581
28.8123
68.4814
1.38483
0.374832
45.5598
16.4243
39.3938
31.0593
29.5783
10.8011
37.7586
16.8879
23.9766
22.2746
3.5993
18.2851
18.2117
13.2362
30.1206
35.6179
16.5833
54.4858
13.9405
19.8893
65.7896
8.96059
50.7369
10.1102
21.2899
18.5941
43.9393
43.1954
4.50716
44.6533
14.065
8.66396
30.5759
4.07946
15.9083
12.1885
42.4733
45.6616
9.35228
2.16821
29.1833
3.49843
17.7135
64.0784
54.7052
1.87503
123.518
0.20125
15.7459
3.5491
38.3542
1.76563
46.4091
10.7035
36.3921
18.5242
38.3759
42.0261
24.6464
32.5493
46.3386
16.4239
6.31326
37.4707
11.5694
3.20449
74.1695
45.6737
23.4822
10.9819
37.5371
44.7068
25.8264
12.925
5.49904
9.35137
61.761
0.917344
8.83402
11.382
9.23946
16.4307
39.6
44.5349
30.279
4.85706
10.7843
13.5065
17.1183
2.24846
5.66284
7.43823
41.7342
62.9364
4.56441
44.9333
31.3969
34.2825
36.323
17.1858
50.2107
4.51945
22.8773
16.7904
8.56712
48.2554
35.664
44.5077
44.5221
33.4567
40.9354
64.6455
34.6539
3.7047
9.60446
1.50921
20.383
6.70789
45.7404
17.7584
31.2611
44.2554
23.7984
35.7274
44.6866
49.6135
23.083
2.21651
56.7686
29.0805
4.07043
3.23989
0.087772
27.6155
39.9167
18.165
42.3743
33.7984
43.2169
18.6256
12.2288
37.0648
3.83795
33.5853
49.8814
24.5996
26.9803
17.2144
3.01189
6.71197
5.92818
14.9604
19.4086
51.1111
20.868
6.7689
18.2333
33.9324
18.6191
7.36678
13.7741
30.7261
33.6939
6.30514
7.12756
25.6839
49.4683
7.41018
19.1106
4.20186
1.69284
20.7459
32.6734
23.2323
15.9015
58.9793
13.6294
126.97
29.4489
17.5148
6.52568
25.71
29.5516
12.1829
39.0923
54.19
2.78011
34.4752
19.5754
0.13622
0.17298
20.9641
5.34341
43.0737
4.18747
28.5763
1.07481
36.8209
30.574
2.76011
37.1187
26.3841
2.08587
19.0258
50.2535
0.621794
23.0999
15.8423
16.1535
42.7156
9.32509
58.3838
16.756
49.754
4.48485
43.5669
54.1054
18.0128
13.8927
38.0061
48.4375
43.0813
8.61527
0.751537
15.511
2.88254
27.3776
19.1766
40.957
30.1925
32.0286
13.2106
31.6244
5.10803
12.4188
41.7538
6.8076
45.8931
14.3795
42.1346
16.4385
38.9723
29.1881
3.53669
63.1793
45.6922
11.6589
14.038
45.3831
3.78864
31.5933
24.492
10.0901
68.4923
52.681
49.2359
9.03816
26.7514
35.3982
9.72511
50.8094
29.4337
25.2873
30.1987
0.728173
9.7138
35.7035
45.5814
41.5573
14.0797
46.427
40.1088
10.7544
24.7768
28.4055
19.7408
46.2209
11.2991
3.34979
20.6784
32.8805
76.9642
53.7442
2.52661
61.2696
5.18958
0.0178492
51.9949
21.9256
10.6241
27.8396
6.81137
6.76218
8.37315
0.455166
13.8211
18.6864
42.012
28.9664
41.6514
44.9402
13.5809
3.36564
36.121
13.4335
55.3095
29.2975
7.94262
38.9533
48.9632
32.9123
2.98262
27.8112
7.35838
17.7282
37.9799
46.9662
20.4031
7.39575
52.366
11.8564
22.3513
15.8163
28.4777
19.458
15.9158
6.83087
34.3747
44.0134
6.94766
2.70982
5.22731
38.9389
27.4358
30.9756
27.6032
11.2864
16.8736
32.4153
18.097
2.19447
51.2365
4.21702
37.9364
21.4817
3.65332
14.8873
30.7029
17.6043
53.0071
29.9717
59.6627
25.1131
1.04739
53.5793
13.8254
16.1532
22.9309
27.0084
49.8027
19.704
26.5376
2.57256
8.17952
66.7174
6.24133
16.7406
0.965218
4.46837
40.4534
14.3763
54.9899
26.2345
21.847
41.8474
69.0771
28.3474
42.3598
13.2433
43.1462
6.00842
20.5662
2.92106
25.6247
15.5076
45.2791
17.9516
2.98428
40.7082
15.5382
55.7727
6.83798
30.4698
7.559
9.20505
52.9019
35.8909
19.2749
24.4737
24.2909
13.656
39.5618
27.5229
35.9341
5.23106
21.7603
25.5148
2.10632
51.6627
11.1886
18.6863
21.5302
28.0138
38.0041
18.0678
53.3134
19.6509
3.56045
12.0224
7.31574
44.7093
32.5805
43.4102
40.7908
11.7873
39.0854
23.4283
10.5089
4.27816
38.6118
1.95982
8.53565
29.6689
48.2319
7.40514
5.44344
11.1611
3.59402
38.1226
39.4917
47.2378
22.9601
46.264
58.8292
5.46832
38.6325
12.4848
10.3804
6.14247
48.4295
0.969514
25.8152
4.558
0.43181
16.1848
2.63053
21.1972
4.82202
22.2647
39.0508
39.3037
2.50072
17.8104
18.0424
47.8663
32.0433
34.6985
16.1595
41.7989
26.6228
8.21002
23.5282
8.26668
7.86038
36.3131
8.09098
23.2544
3.22015
42.801
4.24973
14.1634
38.7329
15.2193
43.2391
25.2391
52.9091
50.081
48.0994
9.59699
10.2982
4.36681
32.1622
34.8783
18.2553
4.63305
3.41603
22.4426
42.2788
22.7445
41.0037
5.14856
42.7131
27.6967
38.8934
47.1558
8.23004
40.0064
28.0415
33.3404
0.581428
44.8168
43.1152
29.5317
54.4233
30.1952
0.575008
17.8849
37.4068
2.442
30.7882
31.6804
41.8586
60.2383
14.7983
71.7044
9.67069
7.79657
2.71627
5.52769
43.0162
30.289
34.7498
53.6294
10.6698
1.6135
32.6017
12.1638
9.21624
15.78
18.0305
37.9258
21.1894
33.619
8.73838
6.49709
37.6906
6.33612
15.2671
10.6176
5.42162
16.0088
0.932791
37.7772
3.58276
14.9164
26.7444
11.8055
12.0333
37.1083
14.8954
44.8873
41.3689
2.79416
17.094
1.41834
29.1295
35.67
16.157
19.0079
16.9484
6.22431
49.7586
25.8207
42.7676
3.38932
2.34613
12.4443
40.2243
27.7383
34.9068
9.12725
13.0633
51.6244
0.872406
24.2433
24.7067
14.5727
23.7764
34.436
5.09254
23.9064
37.6989
0.0595796
42.4554
34.6782
24.6485
3.49022
3.01239
49.9436
30.1848
28.0182
17.4234
14.5889
23.8387
43.5102
