1.13868
14.7896
52.589
42.0067
39.7159
56.9317
105.958
14.2438
51.1471
69.5721
11.9567
53.2661
12.214
13.7622
14.0794
21.5016
15.2361
45.1548
38.8877
20.5198
37.2973
46.0348
10.3739
24.5378
33.618
33.9948
65.4306
29.9184
1.7557
21.9149
43.3776
68.7614
38.3745
13.0184
5.72891
35.6621
5.3374
24.1978
21.0411
23.6642
7.57629
0.403684
17.2273
30.6874
48.7199
21.6658
20.9769
24.8035
15.3758
44.8891
5.24954
54.3404
34.1936
100.726
29.0239
20.2596
35.9182
18.7275
1.83876
40.3509
26.0802
7.86823
17.4945
33.2358
0.124319
12.2367
13.8585
37.0979
2.47502
27.4786
18.5407
24.8678
41.8628
32.6864
31.5701
9.53756
52.0417
36.5029
68.0517
3.66124
323.575
42.2651
4.40825
77.6391
2.9859
5.76862
48.9777
31.222
4.29759
65.8336
13.2284
29.2178
19.7883
36.9322
46.9778
18.6833
5.35762
54.5725
6.98543
67.1744
2.13784
23.5229
4.16788
38.7845
27.8772
54.6926
10.1359
2.75875
7.84023
8.46954
45.5611
0.660116
5.72647
40.6906
25.2346
8.94681
0.151038
82.0289
31.6157
9.80152
10.8049
34.3597
16.5454
49.9769
73.2461
25.5788
47.8597
20.9043
23.0073
19.5765
8.41631
43.9755
95.1913
5.85882
39.7946
40.2304
32.0521
58.3078
12.0646
41.1284
34.9321
58.8265
43.7629
13.0457
92.0407
50.954
18.2942
44.4319
4.42495
17.8603
15.8204
4.65409
1.1127
7.41634
39.396
22.9029
0.180328
21.5943
51.6072
0.0205416
34.2126
42.4028
93.1244
47.8577
52.821
32.7416
24.8296
2.75763
51.6704
64.5655
1.82096
53.1333
45.8493
24.5293
17.5345
37.5051
6.2711
50.5926
29.0392
2.53342
50.7579
0.969701
0.416581
39.5906
23.3309
62.8533
11.1285
27.491
40.3178
12.2842
19.5245
46.835
34.838
12.0143
56.2963
42.8159
74.2551
18.1357
40.9994
16.9507
4.67982
14.1716
25.5589
1.89171
22.7664
20.5401
67.9786
29.8624
43.5077
34.0942
40.8986
45.7492
26.7781
69.9188
4.90315
10.1061
52.7504
13.1089
60.8779
21.6072
21.9882
56.6974
4.20871
54.0695
22.1462
60.856
28.6921
2.08289
45.5026
34.4277
49.3389
31.1264
26.9362
21.745
1.19874
43.6227
34.3238
42.3476
16.4263
49.1574
40.6161
24.3159
0.745225
16.6767
27.5555
17.9984
58.4751
17.6492
15.2849
176.234
33.9436
52.5202
39.5481
38.2766
27.5208
48.4123
19.4527
31.3711
28.8985
16.247
66.951
52.0723
17.1987
8.80649
14.4882
16.1314
3.28864
18.2218
25.0661
20.3281
4.27476
27.3697
35.4411
89.5061
61.4307
40.0849
4.11712
5.94541
22.7606
90.6465
36.4318
4.74592
10.8326
11.9933
59.3133
21.1759
11.831
14.0009
4.22102
2.27947
24.5779
179.586
65.1956
14.9528
30.9591
12.7935
27.0868
60.0728
35.426
14.6535
1.18774
1.81889
31.3299
32.6314
37.4324
30.35
1.11387
24.208
10.7683
34.5253
4.59818
69.9377
53.287
16.5609
83.2176
13.5358
1.66547
39.6789
18.1269
8.99673
25.1539
13.9853
28.3607
49.8416
40.5271
28.123
107.817
68.2158
24.6245
29.2106
39.2841
23.6486
24.6145
30.9652
26.1881
56.1155
10.698
5.23739
57.7976
91.7872
26.9156
55.8241
41.2719
3.30623
11.079
0.344444
20.3122
21.963
11.3935
14.8746
10.9371
59.5852
39.9279
24.9879
17.5012
56.7045
174.611
7.38189
26.5703
6.02612
50.9779
36.9124
34.8312
48.9177
1.51979
14.9907
61.8084
7.09056
24.6036
7.71559
100.796
10.9375
22.4304
62.4013
24.5648
49.6841
37.8335
5.08252
39.4849
25.251
8.98352
9.85832
43.2102
40.5537
2.13536
0.564144
31.1371
22.8799
19.7571
0.463963
0.215649
17.6039
23.7243
151.352
0.132234
12.3323
9.31139
3.44946
48.0649
39.1921
101.122
22.3343
60.1104
9.69515
127.996
38.1986
16.2569
41.2757
4.03311
19.8058
48.5493
19.8923
45.7625
18.1559
55.2947
1.89858
5.39295
41.0338
41.2919
44.0325
2.02671
6.59042
52.248
64.3161
30.8827
40.1548
5.80254
24.6715
39.1631
14.0697
25.593
46.3263
6.00712
16.6602
2.54946
3.40207
30.5883
8.22868
37.8052
23.0882
21.9649
16.8981
49.7829
15.8378
38.7439
24.7534
14.1057
22.6482
22.9195
3.41908
34.8412
25.7554
62.983
49.4956
14.8342
63.9602
28.6295
12.9393
53.3186
16.3431
50.7724
32.4332
3.99238
38.52
27.8708
40.1752
170.54
27.4945
4.46273
11.2349
84.5867
35.6413
62.287
58.5683
14.0192
52.559
40.7386
63.947
60.9359
11.6487
59.54
22.715
26.039
7.55161
25.5368
37.8985
3.15388
33.9054
2.86743
18.3225
15.2919
53.7554
48.3496
29.6264
42.5302
23.818
27.8585
17.8396
9.57318
41.0252
21.385
42.167
7.81117
19.6653
49.1018
15.5793
22.5732
52.7353
71.6868
27.6732
110.847
29.8899
8.38484
55.9007
38.3446
34.2983
6.00473
50.935
27.7673
6.59818
32.7591
45.2748
10.9677
42.0777
53.7525
10.0624
27.3682
17.2119
52.8195
9.17867
69.1131
30.0925
28.6274
2.54106
9.45018
6.08312
2.45901
16.3645
47.2409
15.1761
7.84591
1.29249
6.9327
6.66493
13.794
13.5664
46.1692
13.6798
11.5437
15.3705
46.4001
33.8169
60.1194
3.97764
4.39943
5.63643
22.2183
36.678
50.0842
92.427
70.8797
36.6653
58.6734
27.4125
8.58969
40.281
40.0542
0.184546
5.48393
44.2834
49.0785
37.4359
28.6773
17.1163
17.9041
43.6471
4.55377
30.1168
9.13689
9.50041
53.851
63.8067
54.7753
6.97337
12.4761
25.9003
9.94313
11.7297
32.3438
44.147
21.04
60.0545
10.158
57.8895
116.503
23.4303
20.4202
21.0466
17.627
1.10649
43.7789
63.1069
48.5888
7.80802
58.7075
28.888
6.22015
62.7396
83.5015
10.0476
17.182
36.9619
55.2983
27.7681
13.8038
10.8578
12.8702
5.31744
28.3608
76.3192
3.84192
258.665
20.5343
30.9259
18.8329
44.526
18.9633
21.2085
4.92203
61.1622
52.3551
4.27301
15.818
2.55966
0.220646
13.8923
52.2395
98.9789
55.4407
0.824664
4.21801
42.8742
37.5898
42.2697
41.2632
30.618
8.62665
42.8817
115.34
12.0994
3.02841
65.7479
20.1182
33.9091
2.87524
26.4474
0.620233
1.17316
23.075
38.7846
40.877
29.0951
14.6769
32.423
3.32441
27.7225
27.0797
49.823
42.4252
10.6148
25.9051
23.0541
6.76279
68.4871
25.0318
18.0801
11.0333
4.03603
35.8069
34.3495
61.7671
42.2778
70.1653
17.7807
91.1274
71.8203
20.2314
9.6567
3.37097
1.62572
18.6886
10.7539
59.3306
9.13422
25.1025
17.8666
14.4941
42.8722
3.45767
2.43083
48.1117
5.71995
5.75967
46.9308
5.12867
37.2339
0.376523
30.6827
60.2497
3.25444
11.1488
100.193
21.8674
58.7177
18.967
40.8964
33.5087
39.841
24.065
20.373
40.135
14.5799
29.4772
7.69134
8.50176
5.00039
28.6661
2.04727
3.31697
43.0546
27.2748
3.25015
7.7236
50.1854
28.7934
72.2413
32.2185
21.3627
31.5648
47.3703
24.2633
18.268
57.9809
42.1978
64.6823
49.4462
6.9037
52.0152
5.50553
1.25229
180.659
17.4374
48.8733
4.78346
14.2293
41.5674
10.9145
17.336
59.4542
20.5587
1.29977
5.0451
74.6005
15.5817
33.3452
8.66405
48.6536
2.09136
61.2985
6.6604
44.0976
23.0257
8.62802
39.7385
19.1964
11.8963
59.0625
7.47263
20.8404
14.4492
19.6435
47.8432
30.3406
56.0405
53
51.0978
76.9175
51.2963
36.4507
24.5502
4.69085
40.3803
28.4866
39.3266
20.1745
26.4305
34.8213
11.2879
45.3393
31.7941
5.14329
17.6742
21.5939
5.09943
0.189371
4.97527
31.3884
47.6801
29.7235
54.0364
41.0428
32.3297
6.80372
8.08624
47.8485
40.3864
58.1844
16.433
51.8534
14.9495
21.6237
44.1623
20.4614
46.1539
8.11301
10.78
34.7764
22.8939
37.6504
9.63928
19.2811
17.8575
55.6343
40.5343
50.8217
41.1229
9.88459
2.0498
23.0089
20.4847
21.0615
43.8664
44.6343
2.92304
42.7222
23.3412
17.9838
51.0539
27.1137
21.5662
20.8004
56.531
24.9506
10.356
24.2708
15.1711
106.395
50.5424
38.9593
40.0458
4.42976
155.963
1.48322
31.9432
21.1223
15.2068
38.3908
35.2883
13.2302
20.6162
28.2604
11.3329
52.929
22.5196
29.6044
80.4317
0.494339
52.5611
10.5358
42.3733
31.9128
11.3652
24.047
69.3414
17.1132
43.7629
9.59168
32.9346
53.3134
27.7109
49.2157
45.1039
8.98601
25.2232
26.3296
11.1221
8.95627
11.1647
51.0166
68.1265
57.8167
23.5245
55.3965
31.5946
37.7401
17.4236
10.769
5.11819
2.07941
13.0938
54.4807
37.1952
25.8709
19.9148
44.988
8.96908
41.7605
25.8366
23.2276
27.5949
6.46831
6.80241
42.2088
19.1472
19.192
26.1768
60.8516
11.0512
1.78113
28.1562
0.0677994
48.5811
17.9069
35.3623
9.48088
33.6426
8.50854
48.8379
41.9711
7.7523
24.0596
49.4348
68.4186
21.6526
8.33763
43.4008
40.1085
19.3681
4.87219
4.16686
8.44592
43.1839
19.9548
12.3991
30.5572
16.7224
51.2169
28.3722
4.82393
28.8438
73.4876
1.80619
41.2673
22.7607
0.710591
57.4406
32.2124
32.9134
16.4304
34.3765
2.91103
45.7694
48.9182
11.7119
53.6193
3.10355
19.2457
34.5896
61.0356
22.7333
2.76732
9.97996
40.9315
4.23911
11.6159
20.0097
43.7334
13.4414
3.54584
9.94112
2.07508
2.9869
9.91632
49.1521
42.0252
6.05952
41.998
20.8679
55.7202
49.0785
