7.46048
4.50888
30.7308
0.531523
30.1187
3.25102
17.8818
9.79393
30.3757
15.9023
14.9996
26.5705
8.69042
31.0002
12.0227
16.6633
33.1446
56.6049
18.4573
38.4416
15.3493
35.2917
25.2326
25.6125
18.2034
45.071
26.622
52.0856
26.4061
32.0229
18.8792
1.00205
44.6216
38.3982
57.3458
58.8469
21.0828
27.1821
37.4383
14.5063
48.7285
20.5153
7.60448
36.762
19.0449
28.273
36.3033
7.5345
3.95662
12.1695
5.60979
28.3465
5.92853
24.861
49.1137
27.4915
9.49833
46.7055
17.1286
1.70011
52.4397
51.9995
28.0492
27.1877
56.764
39.6938
4.39858
40.5394
15.4527
17.9373
9.3657
19.8777
14.274
3.7424
12.7468
12.321
28.2745
50.1491
21.5461
19.8271
12.3871
18.4326
37.6565
25.441
28.6636
25.7003
46.2285
24.8728
13.9487
25.4036
19.4958
6.52691
21.6118
20.8281
45.1218
19.3226
3.3744
41.7825
14.8919
8.57098
4.1382
34.1778
12.2792
11.9724
32.3122
37.0443
25.096
14.2534
23.4874
36.0103
0.350516
33.374
28.9924
4.05109
4.5338
1.49594
34.3715
7.69688
7.88204
55.5543
32.0757
42.3107
26.2215
1.908
16.9042
30.9311
33.352
41.1525
50.9437
23.9286
12.845
28.7246
7.55272
31.6653
63.9815
5.69967
23.388
15.9707
20.1537
4.633
4.70914
40.2604
36.3154
6.9434
9.50582
46.6246
4.40197
43.0544
27.2152
12.2575
26.9731
16.9829
15.7327
38.1103
34.9731
28.2401
60.7913
34.3014
21.6063
32.4685
37.7813
20.0816
7.49827
32.2536
54.7984
48.379
39.3887
42.3246
12.3699
40.7657
14.4274
40.4523
29.7956
6.6816
45.0034
29.9189
25.7613
2.55065
38.2534
1.10119
28.9162
12.0155
21.8549
46.2877
1.89879
6.81463
3.26182
40.5833
40.7845
14.8252
27.8067
5.70534
33.9555
28.062
37.2585
21.4414
36.2063
10.4203
25.1238
28.2728
5.70543
27.3511
43.6864
20.0953
9.99896
22.8227
49.615
36.494
2.96298
0.635945
15.5419
3.44492
40.3887
38.9776
51.7074
16.8138
33.6932
9.44078
27.2355
12.9999
17.701
37.8363
23.1653
23.8439
27.8412
27.1291
45.103
7.31226
24.1947
38.9208
10.2783
0.476761
23.1625
18.8688
9.03061
59.7384
41.8841
69.855
30.2013
9.29177
43.1332
11.589
25.2672
5.53663
18.9148
39.7866
45.226
18.4917
51.8812
23.3843
48.3072
21.4759
8.61649
41.4453
4.3904
22.6371
17.6302
12.182
15.9263
11.9212
55.58
10.7456
35.9519
9.15706
16.7186
56.5817
48.5087
7.79983
47.2256
29.251
8.27058
30.4891
12.2374
4.49286
14.8238
23.5534
34.7057
36.188
1.55604
0.533259
6.78728
23.0446
15.856
19.1308
18.9731
46.999
4.05531
31.5878
22.9866
20.5506
37.0901
0.342076
55.6313
5.88206
44.6902
14.5242
17.1099
45.9336
43.7601
36.9349
3.94482
48.6257
21.0266
25.4965
38.3862
51.874
1.53332
65.3556
8.82854
57.7982
20.9428
20.031
2.15834
42.8877
0.0582464
33.9928
33.9985
40.9481
33.3998
34.8489
28.7398
0.558575
44.5163
17.7714
8.92476
18.9881
22.3887
19.9085
1.67286
6.25239
12.4436
52.855
1.59676
9.45893
11.0931
16.0816
19.3009
19.6117
46.3526
46.5562
43.6017
9.53122
12.554
36.9082
18.5887
43.8626
8.74207
24.0876
26.5293
16.3358
49.7708
49.5358
63.87
24.5513
36.4642
1.78624
17.8876
34.8336
3.32292
36.8959
49.0877
47.2587
39.9387
41.8619
36.227
39.6892
41.1616
30.5247
41.2793
44.6661
19.9347
2.92689
6.94081
16.3734
1.52
48.178
2.93548
2.55475
1.79199
6.42192
47.4209
4.52415
42.1319
19.2349
33.3812
28.3931
7.26678
1.55351
46.0052
28.9462
55.2521
24.2767
20.2975
10.8267
14.4292
39.1355
28.4521
13.5375
53.4596
40.6962
36.5506
47.7257
17.0956
41.9893
11.3585
12.5797
28.4786
51.3686
52.3254
43.3664
13.2744
37.4558
1.36754
30.7735
2.2799
35.1438
47.1614
38.3696
10.5921
35.7859
37.0957
9.32984
54.7439
38.7887
15.6473
1.94208
1.73227
11.5172
23.1007
17.6947
37.3735
15.614
36.9522
15.6932
40.5838
17.5561
44.0031
6.40287
22.7074
49.0779
43.9507
28.9417
27.2784
9.5434
27.7994
13.7661
10.272
43.1889
37.5628
43.694
11.2287
21.7121
51.8699
1.88273
47.8754
6.96805
6.52518
33.3879
14.6601
30.0402
59.6557
3.73438
24.613
17.4881
37.4731
8.75686
41.3301
7.68539
10.2094
75.2498
8.53099
14.084
3.81202
31.2835
29.2356
26.2602
50.2381
21.8619
52.7891
6.38028
1.07683
60.6587
8.89795
36.1464
26.9914
39.2634
49.1542
6.62455
18.2034
2.21625
46.982
19.191
47.6012
17.5519
2.5136
38.3804
52.22
17.4658
42.5791
12.108
46.7392
16.7602
12.8307
41.8342
14.2355
9.12638
4.04447
11.8651
23.9539
22.4645
48.7743
48.072
34.5076
9.09646
27.2408
5.15781
16.6323
9.36095
20.6067
18.4318
39.0333
11.9825
12.0763
31.1492
6.74038
13.0988
25.8996
42.9563
28.7914
15.9539
35.2101
16.6746
18.2029
22.3704
28.1709
14.3372
8.83582
32.3484
17.7829
40.9699
19.3531
43.3038
7.24644
4.63567
17.1065
5.99051
4.51554
58.9285
50.1457
54.8472
43.3782
1.15577
20.5831
10.2308
54.6455
38.8798
28.0949
5.12759
30.599
42.6322
52.513
15.0862
45.9541
23.3733
2.73817
1.7414
14.428
28.9294
4.27109
19.8694
55.3847
0.127259
17.8807
29.9049
4.64167
3.93081
27.2195
7.41726
28.0191
25.6133
41.1296
28.4442
21.1879
25.8286
32.3217
51.15
42.0631
8.46702
10.7557
1.873
7.37154
17.2815
8.51374
25.0385
24.8549
37.1482
4.35119
35.9379
6.35365
2.16169
7.59668
21.17
2.04654
6.14126
45.8124
37.7552
37.1999
1.60362
27.6598
45.2238
49.7384
40.7441
25.6531
12.9778
41.8273
0.106708
13.396
6.11707
7.38222
43.2732
26.4985
43.7806
10.0701
84.2216
52.9164
49.2615
36.2315
22.3466
2.48853
8.36929
22.4267
40.5359
33.2496
28.0873
32.4319
43.5402
37.968
31.2122
27.4382
45.6676
33.8676
6.85237
20.7329
5.49219
7.80121
28.2029
41.0443
7.9536
27.838
41.4966
48.6078
42.2448
10.0119
12.869
45.1431
12.4317
42.325
52.7337
22.627
1.83652
43.1263
6.19239
22.6581
17.3721
31.9874
2.41306
16.3202
9.91268
33.2162
22.3353
1.40675
1.40106
31.2034
24.023
45.9923
14.6226
14.6241
38.7151
25.1828
44.6147
41.559
41.5468
20.9033
19.5888
47.4359
38.8756
17.6187
34.3004
36.0132
0.529539
11.3679
13.2478
40.5978
41.7083
6.39726
41.1476
2.72699
25.451
3.3215
48.1528
55.7948
41.8289
5.4807
16.8081
5.83701
4.2854
37.6373
34.3005
15.4386
26.8472
41.0687
32.2101
64.4449
46.8174
23.5038
37.7081
6.67942
15.6031
20.5635
9.64599
19.9614
6.61941
24.0552
31.3519
29.5853
13.6662
62.1072
2.32052
3.28865
39.3947
53.5132
48.6756
15.3262
44.0182
19.2106
6.28498
37.3697
3.0853
5.96926
53.2316
10.0861
28.6565
38.7306
12.661
37.9857
17.0596
11.2287
2.13299
111.867
6.51299
34.1124
31.2793
24.0547
19.1794
15.6634
43.2601
42.1105
39.583
29.3829
10.301
10.0865
2.72429
32.1777
2.21133
11.2093
18.6782
1.5258
60.7744
4.0612
44.6492
67.8615
3.85594
10.944
2.68466
17.042
47.9178
37.2573
27.4443
8.20534
2.35857
10.7173
33.5083
0.675834
28.6593
48.2464
28.7082
51.29
41.8733
70.6669
41.2398
33.7581
49.2125
10.1301
19.8834
46.677
43.4546
21.8615
48.2523
14.0133
31.3627
10.4638
1.11885
22.8189
2.48616
10.2109
16.8033
36.5177
20.5172
7.14965
9.40507
7.64191
6.24639
1.90107
10.6973
32.3444
3.14403
13.9465
12.6127
15.4091
5.85248
8.56818
20.4564
51.0445
24.0878
2.14624
23.3532
58.6668
1.24571
19.3488
14.6202
10.8361
10.9686
36.1783
43.6846
22.6089
17.2673
1.01701
13.405
50.4506
12.8852
9.30803
34.4994
1.54632
36.217
0.561141
45.5517
6.2256
30.3861
38.2773
19.4661
39.7226
16.1071
8.62475
22.1742
57.7614
39.8158
6.49439
9.86352
23.9036
28.9887
19.6226
14.047
5.79749
7.70351
26.7198
11.7622
14.9005
3.62118
35.0488
39.1566
36.8901
24.373
24.8098
2.16468
31.422
8.80532
35.1249
19.2387
3.88246
19.349
11.7277
14.6873
13.1058
15.6267
8.31663
43.3402
48.0499
43.2031
18.1147
26.9095
26.6773
13.7322
45.4271
17.9815
47.609
6.9135
18.4221
10.2874
23.9723
20.7626
16.8802
49.9329
19.6716
51.0869
27.6636
43.2407
19.6518
51.5434
46.5568
15.237
24.1357
47.5106
17.8021
2.13364
48.0814
7.88306
44.2455
22.259
7.03909
27.2006
70.3355
34.471
39.2796
1.84056
11.5188
57.5486
60.0651
15.1465
31.3855
20.2957
34.9763
7.27361
42.1816
35.8854
44.0205
52.9489
36.4528
5.84194
32.0106
16.7509
1.15561
0.393528
65.8127
6.28886
24.9779
2.33361
40.7667
40.3149
15.1843
10.0356
18.5488
38.2161
24.811
41.3632
18.7051
45.3095
46.4368
51.1591
42.0989
23.4568
37.4485
3.07371
18.2351
6.86719
18.379
16.1916
18.7157
4.50636
3.92089
39.0162
40.9084
34.6489
16.0963
49.4334
5.93998
18.1636
27.7676
13.5543
5.26658
4.10479
9.83212
17.5866
40.1737
9.8223
14.0949
47.8751
38.7344
23.2298
65.3347
27.0164
5.63837
49.1793
38.9537
40.7242
29.9825
1.8358
46.6631
46.2112
27.1566
0.745302
