7.33076
34.604
13.7233
25.0148
5.79286
1.42944
0.531498
53.2498
16.3329
27.375
41.8814
49.3085
21.4796
0.675195
0.639977
20.7993
5.74425
0.0939259
39.6764
6.38309
39.0291
21.9083
17.0233
25.0946
38.8402
11.0894
25.0961
49.1783
6.09633
57.2418
13.8565
49.5712
57.7059
20.5102
1.69292
14.6755
58.6334
36.0747
45.1985
15.7314
27.562
9.20501
3.83986
21.7955
7.29479
40.0957
0.332982
20.0494
2.59993
33.2116
25.4466
46.9405
23.9552
42.6367
44.9007
8.31668
13.704
43.2011
31.9911
3.48931
24.1576
29.8768
41.0694
14.4948
20.6718
14.0917
25.622
9.22381
49.0856
41.3111
26.2681
6.02025
45.1124
18.8493
52.9705
2.68505
44.7404
39.891
59.6327
26.6942
41.7707
14.58
44.5831
35.294
1.97027
45.2519
45.2964
37.6978
47.5101
48.8275
1.78006
22.7933
30.1965
40.1373
5.92006
34.3264
0.383043
25.0593
44.8478
47.4243
11.0398
6.70807
1.05038
27.3105
37.489
32.2761
4.20987
1.26853
9.37125
18.0605
15.6558
22.132
47.3939
5.38077
24.5394
7.03894
49.0184
28.2361
42.3262
24.4761
20.6542
24.0527
45.7079
30.1533
57.8398
19.7705
14.1426
22.3921
37.6216
31.5272
22.1585
7.35069
29.0668
22.9384
15.7692
50.0283
18.7903
7.62321
64.6387
9.80126
44.693
10.426
46.0761
43.3257
8.97547
35.0957
42.1279
15.1341
17.8514
10.7317
25.5135
29.4527
24.4813
32.0371
28.8266
33.134
6.95217
27.0145
5.81336
42.4298
42.6573
66.7324
44.0283
4.13069
19.1107
0.686881
36.1905
21.1105
52.7899
12.968
10.4512
28.0356
8.66654
0.481867
42.1608
35.6598
17.3807
0.389382
39.6362
26.0772
7.34509
24.3186
43.5617
38.4198
10.3741
35.7117
38.4695
20.45
52.5306
43.2904
15.517
39.8802
26.5938
15.8789
23.948
2.46822
4.83781
44.7301
12.2148
30.8364
49.0959
29.3551
43.8927
4.19391
21.5161
2.7696
25.4772
8.56962
14.4287
7.63899
10.2335
5.54346
29.3906
16.4531
45.1049
40.4613
48.6228
4.24194
23.8235
8.27124
14.2759
43.3463
3.55224
35.8363
7.00787
32.832
31.9655
17.5281
9.36996
15.3549
3.62244
7.17744
3.88953
9.97262
34.9382
1.75238
5.27657
11.7564
42.7235
12.7575
17.3524
7.5658
19.7362
0.446806
37.5902
24.7937
41.0531
33.151
5.3835
40.5329
8.61443
35.7202
11.0676
0.63299
7.51924
8.88736
24.2273
39.0358
37.9085
42.172
48.3808
31.5255
38.3987
8.62867
12.5989
14.4027
2.46417
12.9081
0.726781
14.1429
8.27528
37.3735
35.9026
15.6925
33.8724
6.36493
13.5446
12.5553
33.7193
11.4131
10.9597
58.611
17.7518
2.29785
34.4962
25.662
24.5681
9.0791
60.2488
13.495
1.12012
27.9256
9.39952
20.1204
37.8656
11.1119
12.0738
6.8375
37.0049
37.838
12.4411
24.4935
40.3906
12.6828
34.5644
28.4871
21.5633
26.0675
27.6115
30.7827
7.13001
36.9653
29.5769
14.6611
4.95658
29.8264
6.05884
10.9746
35.2351
25.5486
20.6669
37.6268
11.5252
0.418402
16.9303
16.1136
42.4176
41.1114
30.664
47.329
1.14801
18.2299
3.07478
2.88669
5.37339
16.2099
1.17205
62.9584
30.4117
11.9789
20.91
21.5856
41.4992
22.3364
0.882302
36.0171
29.549
45.3896
8.62113
40.0459
41.4052
4.29486
25.2876
30.3711
43.4855
58.0691
37.3532
6.05918
14.4654
39.5642
46.213
29.1734
3.70368
3.42009
1.37975
1.41487
52.3891
0.567221
0.959996
34.1972
52.6488
2.44606
39.1608
49.1193
6.76654
11.5558
12.1593
19.0425
41.7138
40.0437
14.2546
51.3234
1.50867
17.1861
32.5396
25.6529
3.91436
43.615
21.1639
5.39167
28.8767
16.4058
3.24062
23.0005
45.3414
10.8449
12.2979
24.6394
6.15266
0.428566
53.6132
36.5012
24.1292
40.9494
38.8365
33.895
9.8047
14.4501
3.89777
2.38905
21.0465
25.0615
21.3355
11.6095
13.9823
13.0463
9.81918
2.81455
50.0657
2.80677
38.9868
31.0934
50.3891
37.8532
7.82879
32.6784
22.111
4.10247
15.8652
0.863523
22.5754
16.6233
42.7374
39.9595
51.9748
3.35466
8.5894
40.1444
0.174556
25.0259
14.6999
19.7098
34.3499
7.32067
33.582
29.325
33.2681
32.9157
15.474
25.3152
31.9122
17.999
41.1288
43.4424
34.155
5.92042
52.0244
22.5748
13.8186
1.11823
8.5572
43.4297
41.6444
18.6419
14.9757
4.14703
38.9004
1.29288
29.7264
35.8994
0.0828634
16.7811
47.6609
12.1198
46.7415
0.865356
9.15577
21.9105
9.27556
5.97946
44.4037
9.26201
15.9122
13.9177
6.81832
42.7467
45.721
26.2084
18.7362
39.5673
14.8887
32.8227
9.97066
34.3557
29.6111
25.2503
6.09704
8.91057
7.15766
39.219
41.38
38.9282
23.0819
15.0683
39.9359
12.6227
7.73477
13.1087
6.87111
42.8041
43.4386
1.81088
36.407
22.6107
51.9268
39.8323
41.0685
23.5782
38.6652
43.1445
43.5036
50.3817
40.9258
3.01908
15.8991
10.0409
18.032
17.2718
22.8588
9.71172
31.8103
20.8355
3.09053
2.06467
8.12567
20.6641
35.8794
40.8433
9.8195
24.7123
49.4272
14.7234
34.8171
8.07775
14.2299
54.0344
40.0187
25.8804
40.6745
45.7649
9.5443
1.36477
57.6282
22.7176
48.691
36.066
21.61
46.748
33.6413
7.19688
21.8224
48.3126
12.4408
42.5731
2.67777
42.8254
31.9806
42.1793
48.556
34.6725
25.4204
13.9362
1.25603
53.2372
8.2155
8.65893
27.1551
40.2014
22.2627
16.6988
25.3733
33.7724
32.3566
34.4564
12.8231
0.146589
14.5439
53.4585
7.29228
0.853907
27.731
23.715
34.0753
0.461422
37.8774
41.9478
30.8502
3.27591
40.8219
4.95701
7.91561
50.2097
14.8235
44.6444
12.3034
42.1902
24.7902
7.16144
14.5958
12.0778
46.1499
47.1469
38.1977
39.5104
4.77897
4.77865
32.834
16.6794
18.1224
22.9178
28.9514
48.9489
19.769
4.2856
31.8854
45.3545
19.4176
2.42569
6.28733
39.1406
19.2886
38.1681
42.6288
2.23873
9.44623
18.0049
46.7518
30.3246
18.3319
11.4934
18.4507
41.8824
16.3333
24.7524
16.7695
40.3115
49.4591
10.2005
47.3725
52.228
36.2367
57.4418
42.1109
18.3591
25.6619
21.934
23.6656
3.33035
26.8057
52.6786
24.0161
39.4293
0.433349
10.0702
41.5131
39.3794
41.3732
4.40246
12.4895
26.3407
12.0785
42.8296
44.7948
28.298
37.823
32.9585
11.6471
40.4194
4.22902
28.259
21.4671
7.30384
46.1409
13.2875
0.22659
14.6416
38.5635
32.4967
41.2166
39.6435
24.5727
22.836
35.0529
25.8101
12.6244
37.3105
48.2666
1.35138
9.53067
22.0622
1.31675
56.6897
25.701
12.2185
19.632
31.3635
2.82021
41.0078
8.72471
15.8935
19.8903
1.03412
27.758
45.0609
30.8428
49.3382
45.4974
13.5097
25.2315
15.6287
10.743
1.40148
23.719
32.5119
17.2181
20.3599
11.5583
24.1848
36.7896
33.6683
19.3091
35.3272
0.126549
17.4841
29.8161
4.34256
36.5407
0.553429
36.2876
5.82006
17.7232
39.6063
5.96845
0.209028
23.0966
38.313
42.1561
0.606981
13.8103
3.61633
45.982
29.3659
17.3148
21.6612
34.7323
10.6233
0.208784
28.2762
2.11833
19.5207
48.4516
25.0029
26.5887
17.1126
13.2592
42.6528
40.1516
35.616
37.3948
8.09062
30.0762
51.2673
0.151571
11.7333
12.3056
11.1576
18.2258
31.5632
37.7659
33.2992
12.5847
39.786
37.4335
25.2822
8.32712
36.192
42.1996
3.35005
1.97547
27.8802
36.0943
10.1138
46.25
33.7969
13.3812
60.2138
53.9376
18.7562
46.9551
34.0375
13.1238
3.20052
9.84884
41.2413
1.21172
39.075
23.0693
19.5047
20.6307
8.95531
25.3667
37.4621
52.31
19.2193
19.1955
44.4144
31.7113
32.407
10.4322
20.525
19.1209
27.062
11.5016
41.4807
30.1374
32.9551
3.50184
3.11789
44.9723
27.0582
1.24006
7.33631
8.13761
34.7009
26.0927
3.17784
19.86
4.2156
14.6764
1.33676
50.3468
16.6416
50.0908
32.0944
32.458
14.9472
30.6812
52.088
16.142
7.2875
49.8686
33.011
3.4548
16.8506
0.160858
36.4792
23.5552
6.75902
23.9302
28.2295
2.49325
6.05461
32.473
41.0056
42.8006
2.17328
8.51969
11.7792
30.48
14.7123
17.3969
45.1823
37.7816
14.9107
40.7693
7.1638
19.9212
2.88439
2.838
15.2764
24.1005
19.095
0.765792
32.5231
9.14221
3.04423
15.3409
48.328
8.99718
28.3279
0.802266
32.2527
24.9304
35.0129
44.4945
39.0182
50.1746
5.86942
37.0979
1.51883
4.98552
7.78973
0.310009
39.3907
44.8759
38.871
10.8971
36.9925
21.9106
41.3079
48.1394
27.4279
8.68862
27.5785
6.11438
39.5044
11.056
42.0574
25.2468
39.7227
18.9186
16.8733
3.80432
9.81369
41.6401
16.8199
42.8155
22.786
30.314
11.2627
6.46465
34.4797
22.0906
20.1318
2.25914
13.1192
36.1155
44.614
42.5155
17.0435
31.7462
11.3805
42.4169
28.7328
1.21738
14.7966
25.2654
24.6399
46.4582
36.2804
16.6177
7.55174
26.4558
47.9336
30
0.276725
30.4433
44.5767
32.3576
17.8527
33.6754
3.30128
46.7806
46.5866
6.57331
16.3301
41.9578
43.4131
15.0987
40.063
1.72896
17.6591
3.70756
41.4372
24.7264
7.92445
10.3434
2.93082
27.4728
31.0977
0.646704
22.4433
23.9308
43.3952
51.2325
30.9653
38.5799
6.655
19.2228
31.8798
2.96362
43.8083
42.2518
41.457
1.81624
49.3422
6.64008
7.65579
47.834
15.9078
