(24.2433,7.72075,25) (0.499915,0.6882,-0.5258)
(2.18823,7.02376,25) (0.139503,0.936493,-0.321745)
(4.53374,-6.26826,25) (-0.293601,-0.268012,-0.917588)
(-14.4966,24.4772,25) (-0.115312,-0.276812,-0.95398)
(-1.81201,-18.5993,25) (0.0677747,0.259461,-0.963372)
(-11.7692,4.21313,25) (0.52299,-0.149719,-0.839086)
(-15.9191,20.8044,25) (0.169539,-0.58876,-0.790328)
(-21.9385,6.31302,25) (-0.293744,0.45685,-0.839644)
(9.94827,-21.1053,25) (-0.531547,0.109382,-0.839937)
(2.07253,19.8075,25) (0.644544,0.0353672,-0.763749)
(-2.82761,18.5359,25) (0.643758,0.431042,-0.632281)
(-10.7694,-9.08193,25) (0.696921,-0.0898936,-0.711491)
(-11.1208,3.30763,25) (-0.935282,-0.087861,-0.342824)
(-17.1204,-0.744222,25) (-0.475533,0.595302,-0.647676)
(-10.0158,-13.7757,25) (-0.932875,-0.25246,-0.256922)
(0.826717,-17.4044,25) (0.902884,0.162293,-0.398072)
(-19.0216,9.04211,25) (-0.245377,0.882241,-0.401797)
(-13.9531,15.0837,25) (0.328886,-0.686618,-0.648375)
(2.58308,13.4709,25) (0.415091,-0.898739,-0.141308)
(-3.47526,19.3604,25) (-0.887685,-0.13833,-0.439181)
(9.71829,-18.0238,25) (-0.859077,-0.00968079,-0.511754)
(-11.8351,0.806531,25) (-0.227027,0.50198,-0.834551)
(-18.3738,10.5398,25) (-0.486012,0.493998,-0.720943)
(-15.5637,6.90226,25) (0.538172,0.695282,-0.476397)
(13.3114,-24.7513,25) (0.306912,0.706931,-0.637224)
(-4.83904,2.40636,25) (0.0902426,-0.801194,-0.591561)
(5.44808,4.21904,25) (-0.489491,-0.627679,-0.605324)
(-4.29441,4.826,25) (0.843181,-0.512585,-0.16218)
(22.7599,-11.2528,25) (0.807278,0.577521,-0.12154)
(13.88,-9.34089,25) (0.573746,0.706685,-0.41402)
(-13.9689,22.0034,25) (0.146916,-0.857648,-0.492805)
(-7.52877,-11.0955,25) (0.713028,0.343389,-0.61129)
(13.938,24.3685,25) (0.223558,-0.86678,-0.445773)
(15.2429,9.36097,25) (0.589806,0.550258,-0.591054)
(-15.1495,-17.1921,25) (0.0180581,-0.994602,-0.10218)
(19.7362,-6.04515,25) (-0.569768,-0.527868,-0.629857)
(24.3701,20.596,25) (-0.248581,0.742427,-0.6221)
(9.22453,10.1714,25) (0.47471,-0.670385,-0.570294)
(-10.5,-4.55394,25) (-0.419872,-0.888636,-0.184481)
(12.2865,-15.2806,25) (0.425098,0.810315,-0.403338)
(9.96221,-18.966,25) (-0.699385,-0.632534,-0.332809)
(-24.557,0.400959,25) (-0.880176,0.294515,-0.372226)
(5.47514,-15.9171,25) (0.939526,0.0980829,-0.328133)
(4.4284,12.1595,25) (-0.759684,-0.646122,-0.0735301)
(20.7977,2.13852,25) (-0.518997,0.633061,-0.574348)
(-3.35961,2.12684,25) (-0.00370624,0.830442,-0.557093)
(14.0403,0.674656,25) (-0.00417691,-0.993086,-0.117311)
(-19.2892,18.2816,25) (0.681817,0.239431,-0.69123)
(-4.20244,14.6658,25) (0.679367,0.730653,-0.0678668)
(-3.96831,-17.2854,25) (0.604292,-0.168147,-0.778818)
(9.05338,-19.6726,25) (0.554555,-0.73897,-0.382612)
(-21.136,7.30066,25) (0.830886,-0.437373,-0.343996)
(-3.42756,-23.9317,25) (-0.615573,-0.025949,-0.787653)
(-21.1815,23.314,25) (0.521616,-0.659479,-0.541299)
(7.98528,-24.2143,25) (0.454502,0.885641,-0.09523)
(-6.44229,4.36598,25) (-0.623185,0.762481,-0.17396)
(22.0288,12.9366,25) (-0.951257,0.271686,-0.145935)
(11.3274,-16.2737,25) (0.474801,-0.389251,-0.789333)
(-23.5713,-9.08009,25) (-0.587607,0.208952,-0.781701)
(2.41426,-21.4152,25) (-0.3015,0.117331,-0.946219)
(-5.94141,-5.49403,25) (-0.572812,-0.0103248,-0.819622)
(14.655,10.5419,25) (0.9176,-0.369156,-0.147422)
(19.1401,16.8148,25) (0.28592,-0.123695,-0.950236)
(14.018,-14.1522,25) (0.383785,-0.169982,-0.907643)
(24.9144,-4.49097,25) (0.426269,0.779161,-0.459569)
(-1.47953,13.8878,25) (0.174572,0.953958,-0.243904)
(-5.6656,14.2792,25) (-0.348531,0.588873,-0.729215)
(12.5691,3.32878,25) (-0.403018,-0.601543,-0.689727)
(23.2381,-1.56266,25) (0.534532,-0.207461,-0.81929)
(5.26624,6.12495,25) (-0.956794,-0.254598,-0.140443)
(20.3844,-3.41882,25) (-0.212375,-0.884679,-0.415019)
(14.5647,-10.3749,25) (-0.886774,-0.462035,-0.0125134)
(-1.29118,-13.1006,25) (-0.046049,0.748841,-0.661148)
(-0.634599,-9.81608,25) (-0.277121,0.930538,-0.23938)
(-7.24249,22.3949,25) (-0.0190728,0.107874,-0.993982)
(5.99622,23.0777,25) (-0.971423,0.221721,-0.084719)
(-15.3752,20.7784,25) (0.735452,-0.669408,-0.104898)
(13.3582,9.18217,25) (-0.967,0.18577,-0.174359)
(3.791,15.356,25) (-0.575798,0.048063,-0.816178)
(-24.5507,-19.3578,25) (-0.164059,0.725179,-0.66873)
(-15.073,7.52211,25) (0.906062,0.29285,-0.305434)
(20.318,11.1104,25) (-0.40441,-0.830995,-0.381969)
(19.7747,24.2105,25) (0.991295,-0.114646,-0.0647327)
(14.4287,-11.5535,25) (-0.266348,0.95264,-0.146749)
(-21.6304,-14.7495,25) (-0.835373,-0.382267,-0.394999)
(-23.3012,-20.2173,25) (0.0732846,-0.964406,-0.254068)
(-1.02302,15.2801,25) (-0.214678,-0.161653,-0.963214)
(-2.06098,8.66066,25) (0.836488,-0.534953,-0.118797)
(-21.2054,7.06063,25) (-0.841089,-0.538027,-0.0556438)
(11.8216,4.13447,25) (-0.397594,-0.783346,-0.477795)
(-16.0103,22.504,25) (-0.769016,0.160279,-0.61881)
(1.45269,13.1653,25) (-0.843668,0.514685,-0.152719)
(10.0463,-23.9881,25) (0.764845,0.161985,-0.623517)
(3.66755,-20.7601,25) (0.164497,0.980352,-0.108859)
(22.53,6.68694,25) (-0.911352,0.387122,-0.139908)
(-2.92164,-3.24546,25) (-0.929035,-0.304214,-0.21059)
(21.6332,-22.0739,25) (-0.7248,-0.676646,-0.129676)
(-6.66236,17.4614,25) (-0.3776,-0.668335,-0.640895)
(15.6468,-20.2021,25) (-0.831812,-0.541217,-0.123184)
(7.14148,-12.1257,25) (0.107113,-0.135582,-0.984959)
(24.188,-3.15812,25) (0.294335,0.252243,-0.921813)
(15.911,14.0857,25) (0.311237,-0.433781,-0.845556)
(-13.52,-21.0691,25) (-0.218081,-0.660539,-0.718421)
(-0.529949,-6.56306,25) (-0.343862,0.715781,-0.607797)
(3.56159,16.2342,25) (0.614239,-0.672852,-0.412286)
(10.4953,-24.5921,25) (-0.145765,0.14779,-0.978218)
(-18.7988,-20.6716,25) (-0.720918,-0.577178,-0.383593)
(21.9323,-6.07957,25) (0.87366,-0.262399,-0.409713)
(18.4905,-16.756,25) (0.951727,-0.290423,-0.0993492)
(7.26599,14.8344,25) (0.162203,0.91198,-0.376806)
(-13.9623,-15.7265,25) (0.719112,0.694798,-0.0116068)
(-17.7716,24.7957,25) (0.400147,0.202588,-0.893779)
(-9.22223,-21.8932,25) (0.731611,-0.514649,-0.447082)
(-6.49122,-15.2687,25) (0.640729,0.00892618,-0.767715)
(9.42397,-2.16815,25) (0.640363,-0.559662,-0.526036)
(10.2021,19.6778,25) (-0.851781,0.517513,-0.0815375)
(2.812,24.8595,25) (0.068201,0.86975,-0.488757)
(13.7246,10.7183,25) (-0.818961,-0.521722,-0.238974)
(-21.7307,0.0242593,25) (0.726617,-0.659458,-0.192726)
(-23.247,14.8931,25) (-0.139945,0.792227,-0.593963)
(15.0045,-13.6229,25) (0.0861674,-0.85364,-0.513686)
(15.8122,0.75139,25) (-0.123648,0.707311,-0.696004)
(9.78297,9.75486,25) (0.83101,0.25392,-0.494922)
(19.6724,-18.347,25) (-0.415048,0.774213,-0.477838)
(-24.2586,14.1858,25) (0.655878,-0.446511,-0.608648)
(5.74797,9.82611,25) (-0.952413,0.126319,-0.277403)
(-22.5942,-0.966514,25) (0.393565,0.480329,-0.783831)
(5.78174,4.73072,25) (0.779726,0.625897,-0.016726)
(-12.0594,-16.0463,25) (0.44227,-0.357814,-0.822415)
(-8.27173,2.93686,25) (-0.63934,-0.158494,-0.752413)
(-16.788,2.30987,25) (-0.805561,0.451884,-0.38324)
(-17.8322,-3.21349,25) (0.278599,-0.061039,-0.958466)
(-21.7176,19.3545,25) (0.419204,-0.90315,-0.0926722)
(13.6132,22.4386,25) (0.835679,0.346111,-0.426436)
(-22.5338,1.89342,25) (0.66077,-0.665163,-0.347767)
(17.1603,16.7092,25) (-0.109315,-0.893944,-0.434642)
(-4.22345,14.8097,25) (0.0663859,0.358667,-0.931102)
(-8.81969,3.9267,25) (-0.370107,0.387719,-0.844212)
(19.9553,-22.9069,25) (0.385571,0.723698,-0.57236)
(5.85501,23.0154,25) (-0.23697,-0.970959,-0.0329265)
(-19.2302,-18.2397,25) (0.0957512,0.954009,-0.284076)
(-13.0796,-19.9374,25) (0.793951,0.58035,-0.181209)
(23.4912,18.4617,25) (-0.995506,-0.0252387,-0.0912759)
(15.474,2.84942,25) (0.582747,-0.303134,-0.754)
(13.6371,-24.3804,25) (-0.339931,0.346262,-0.874385)
(-6.88483,14.3191,25) (-0.374465,-0.0232068,-0.926951)
(18.4468,-11.6925,25) (0.283857,0.174188,-0.942913)
(-17.8335,9.72443,25) (0.745766,-0.665128,-0.0379245)
(-1.26694,22.2297,25) (0.68665,0.479136,-0.546754)
(-7.39871,16.8342,25) (-0.369735,0.443655,-0.816374)
(-3.33003,10.2202,25) (0.72758,0.674859,-0.123258)
(-21.4013,-22.7073,25) (0.831109,-0.364663,-0.419856)
(-23.6058,20.6146,25) (-0.841064,0.32969,-0.428854)
(-17.9109,-18.7217,25) (0.34416,-0.639322,-0.68762)
(-24.1545,-3.91506,25) (0.0169567,-0.189848,-0.981667)
(9.997,17.8927,25) (-0.712846,0.245122,-0.657089)
(-24.734,-19.6437,25) (-0.89588,-0.0813969,-0.436776)
(2.81531,10.1131,25) (-0.971939,-0.189636,-0.139184)
(-19.0318,14.006,25) (0.411659,-0.631276,-0.657288)
(-17.4199,-24.9817,25) (0.782564,-0.464218,-0.414843)
(6.76596,-15.5575,25) (-0.934711,0.116292,-0.335843)
(-12.9834,15.0755,25) (-0.277684,-0.466945,-0.839556)
(5.64265,-12.7872,25) (-0.593574,0.655081,-0.467482)
(-23.985,-9.10325,25) (0.888857,0.434867,-0.144305)
(16.1189,-15.3509,25) (-0.108452,-0.177185,-0.978184)
(-3.45233,1.38004,25) (-0.349727,-0.725973,-0.592161)
(5.75817,-11.6087,25) (0.941656,-9.94588e-05,-0.336577)
(23.3381,-2.27399,25) (0.421479,-0.214729,-0.881049)
(21.4917,11.6389,25) (-0.442837,-0.395985,-0.80442)
(16.916,-0.195668,25) (-0.207352,0.418762,-0.884106)
(24.3526,8.57767,25) (0.322598,-0.478229,-0.81684)
(-0.265097,-16.1231,25) (-0.409113,-0.11638,-0.905032)
(14.4004,-19.1788,25) (0.103325,0.73764,-0.667242)
(-8.61038,0.905424,25) (-0.524589,0.319572,-0.789101)
(13.6078,20.3727,25) (0.529945,-0.000677049,-0.848032)
(14.0131,-23.6164,25) (0.258528,0.692806,-0.673189)
(-4.85479,-20.1411,25) (-0.794101,-0.574589,-0.198117)
(-14.4914,4.59219,25) (0.933658,-0.095064,-0.345318)
(7.36014,9.99767,25) (-0.986901,0.130871,-0.0943334)
(17.3484,-22.1797,25) (-0.649138,-0.744077,-0.158015)
(-22.4581,-8.9744,25) (0.861738,0.355525,-0.361952)
(23.7025,10.2335,25) (0.870792,-0.476735,-0.120186)
(19.5879,24.8379,25) (0.406573,0.247422,-0.879478)
(9.585,-9.89077,25) (0.150856,0.737786,-0.657962)
(-12.9174,17.786,25) (-0.540837,0.0170118,-0.840955)
(-15.7221,13.0708,25) (0.3608,-0.612348,-0.703458)
(-4.88804,18.9156,25) (-0.254818,0.419516,-0.871248)
(17.3134,-15.408,25) (0.332802,-0.5681,-0.752665)
(22.2527,-12.368,25) (-0.460563,0.869977,-0.176131)
(-12.2767,-19.6853,25) (-0.77629,-0.280115,-0.564721)
(-13.0689,-0.666681,25) (-0.484738,-0.444089,-0.753535)
(-9.11164,-4.27484,25) (-0.0593908,0.331238,-0.941676)
(-7.07125,-9.63317,25) (0.850347,-0.408249,-0.332028)
(20.2676,-7.1709,25) (0.452482,-0.836641,-0.308694)
(7.91298,22.0835,25) (-0.0295129,-0.672377,-0.739621)
(-11.6611,20.6779,25) (-0.238282,-0.0356268,-0.970542)
(-2.22371,-7.612,25) (-0.205272,-0.975399,-0.0803755)
(0.897343,-12.0297,25) (-0.215411,-0.656284,-0.723111)
(-6.69061,-18.8219,25) (0.714025,0.381059,-0.587335)
(-13.8649,15.0416,25) (0.733907,0.562033,-0.381445)
(11.4771,-24.0372,25) (0.491009,-0.190006,-0.850181)
(6.97064,14.9305,25) (0.931764,0.308951,-0.190699)
(-24.2758,-7.62908,25) (0.383339,-0.832354,-0.400297)
(22.7437,8.46136,25) (0.801727,-0.562926,-0.200866)
(-3.03979,-8.8454,25) (-0.883737,0.306656,-0.353512)
(14.2801,19.4492,25) (0.631291,0.213917,-0.74546)
(-12.7643,24.8629,25) (-0.158844,-0.629434,-0.760646)
(-6.41676,-9.70098,25) (0.902754,-0.321953,-0.285273)
(4.0793,-3.81431,25) (-0.238925,-0.0963317,-0.966248)
(0.395781,1.7542,25) (-0.744582,0.63877,-0.19383)
(3.82737,-0.879833,25) (-0.41776,0.694757,-0.585481)
(8.73827,2.45538,25) (0.204061,-0.124488,-0.971011)
(-2.17813,-3.13935,25) (0.785387,-0.445159,-0.430117)
(22.1595,22.2029,25) (-0.427071,-0.881274,-0.202402)
(5.07122,20.5724,25) (-0.643065,0.751574,-0.146983)
(23.0574,-17.2827,25) (-0.760969,-0.611085,-0.217946)
(-12.5337,-24.3291,25) (0.0956414,0.39041,-0.91566)
(-10.9502,-14.7527,25) (0.307403,-0.571842,-0.760592)
(-6.72191,23.8107,25) (-0.70618,-0.550048,-0.445821)
(20.3648,-5.72063,25) (-0.115123,-0.712057,-0.692619)
(4.08999,13.0071,25) (-0.76837,0.625455,-0.135695)
(-16.8696,5.97316,25) (0.34533,-0.454266,-0.821212)
(3.14854,-19.6817,25) (0.23499,-0.88179,-0.408932)
(10.062,14.613,25) (-0.233107,-0.35257,-0.906287)
(-4.20676,-1.36781,25) (-0.817438,-0.523658,-0.239954)
(-24.3675,13.2292,25) (0.798512,-0.242943,-0.550779)
(-7.24276,18.3549,25) (-0.517852,-0.701728,-0.489292)
(7.69511,22.3688,25) (-0.425939,0.894272,-0.137307)
(-0.371452,-17.5202,25) (-0.31999,0.33915,-0.884638)
(-1.76745,19.3925,25) (0.652527,-0.0206694,-0.757484)
(18.5195,-18.4924,25) (-0.439725,0.855606,-0.273094)
(-24.4019,2.18358,25) (0.704586,0.64652,-0.292525)
(-2.52951,-18.3636,25) (0.905011,0.0844507,-0.41692)
(-6.53906,-15.6385,25) (-0.691021,0.56006,-0.456972)
(13.2733,23.815,25) (-0.277365,0.713866,-0.643012)
(-22.6706,-6.7785,25) (0.920955,-0.114092,-0.372592)
(-6.05314,-2.09247,25) (0.819069,0.0154414,-0.573488)
(-3.81874,-4.37777,25) (-0.271857,-0.211941,-0.938709)
(15.1442,19.9269,25) (-0.135443,0.309788,-0.941109)
(6.05457,23.7584,25) (-0.409605,-0.898716,-0.156629)
(-9.84236,15.1575,25) (0.0943647,-0.89449,-0.437016)
(6.31311,6.95908,25) (0.764871,0.528613,-0.368159)
(13.9727,24.165,25) (-0.213044,0.70181,-0.679761)
(-9.93052,-17.1954,25) (0.671204,-0.374305,-0.639828)
(-15.9585,6.94577,25) (0.45482,0.524364,-0.719848)
(8.23646,-6.04532,25) (0.672706,0.151194,-0.724298)
(7.80963,24.6952,25) (0.0920908,-0.606602,-0.789654)
(12.9649,0.836082,25) (0.527509,-0.439016,-0.727323)
(11.4673,1.58396,25) (0.844552,0.19772,-0.497633)
(-19.3269,-13.058,25) (0.519801,0.225756,-0.823918)
(23.7224,10.8472,25) (-0.396539,-0.825019,-0.402618)
(-8.05147,-21.5478,25) (0.0672329,0.686677,-0.723847)
(3.52691,17.6313,25) (-0.675017,0.135987,-0.725162)
(16.2935,-16.3666,25) (-0.499984,0.862418,-0.0790593)
(-7.00937,-10.8043,25) (-0.517632,0.363513,-0.774542)
(10.5954,13.0414,25) (-0.34783,-0.666144,-0.659748)
(-7.74323,-17.3126,25) (-0.6697,-0.147404,-0.727856)
(-11.6951,11.6041,25) (-0.857592,-0.275021,-0.434625)
(23.595,5.15131,25) (-0.285743,-0.883548,-0.371071)
(11.3362,6.78886,25) (-0.417905,0.890819,-0.178318)
(-3.95434,-10.5585,25) (0.30637,0.471478,-0.82695)
(-11.3732,-2.48354,25) (0.7995,-0.392849,-0.454389)
(-5.82408,12.9915,25) (-0.899122,-0.327379,-0.290521)
(17.4799,18.6656,25) (0.815447,-0.487932,-0.311399)
(7.8132,24.6086,25) (0.982645,-0.162872,-0.0887784)
(-18.6986,6.40544,25) (0.256759,0.930965,-0.259573)
(22.5241,7.12162,25) (0.562677,-0.824404,-0.0612503)
(11.7418,-11.0985,25) (-0.457803,-0.840641,-0.289379)
(5.2822,2.94561,25) (0.716875,-0.419924,-0.556556)
(-6.12597,-8.37226,25) (0.577913,-0.785252,-0.222252)
(21.4467,21.696,25) (0.471169,0.58239,-0.662436)
(-19.3531,5.31782,25) (-0.104153,0.56315,-0.819764)
(-9.05837,2.80735,25) (0.867015,0.4907,-0.0865939)
(24.9979,12.7514,25) (-0.593131,-0.223642,-0.773421)
(16.8937,15.6375,25) (-0.458806,-0.51673,-0.722833)
(13.097,-10.6643,25) (-0.793123,0.579026,-0.188901)
(-19.8226,-21.7336,25) (-0.958884,-0.245525,-0.142332)
(6.85656,-17.8439,25) (-0.230235,-0.973062,-0.0119478)
(23.4133,-4.09001,25) (-0.410404,-0.884672,-0.22119)
(-10.3443,-7.13259,25) (-0.276411,0.0462996,-0.959924)
(4.70572,16.4517,25) (-0.108674,-0.991651,-0.069417)
(-21.3472,-18.8539,25) (-0.231059,-0.910359,-0.343303)
(-4.42552,-14.2226,25) (0.16287,-0.965806,-0.201721)
(0.451698,21.9442,25) (-0.580226,0.353308,-0.733833)
(4.45568,6.50936,25) (-0.484731,0.236592,-0.842057)
(17.0586,-2.49556,25) (0.0528126,-0.872096,-0.486476)
(-18.9355,-0.890007,25) (-0.466097,0.482095,-0.741848)
(12.4667,-13.9005,25) (-0.444942,-0.701444,-0.556778)
(22.6379,-21.9532,25) (0.417425,0.843893,-0.337049)
(23.3142,-23.5548,25) (-0.0032584,-0.468549,-0.883431)
(-1.55209,-17.5532,25) (-0.720692,0.368482,-0.587217)
(-24.4712,-23.3606,25) (0.444193,0.255492,-0.85873)
(-4.97938,-0.227133,25) (0.698014,0.308968,-0.645999)
(-16.6649,3.51312,25) (-0.504905,0.476361,-0.719828)
(-0.202695,18.0266,25) (-0.333499,0.227295,-0.91494)
(13.9088,2.90691,25) (0.742703,-0.58221,-0.330792)
(3.30016,-0.256981,25) (-0.913462,0.385937,-0.128995)
(-15.2801,23.7472,25) (-0.167795,-0.504648,-0.846862)
(-13.2459,-12.5874,25) (0.959302,-0.228763,-0.165553)
(15.9015,8.30796,25) (0.365347,0.912601,-0.183525)
(17.1903,23.8349,25) (0.506953,0.768696,-0.390006)
(-7.4307,24.1084,25) (0.301161,0.325328,-0.896361)
(9.14265,5.06813,25) (0.283897,-0.769972,-0.571442)
(-3.37865,9.33183,25) (-0.196552,0.461594,-0.865042)
(4.08877,16.4787,25) (-0.363633,-0.887001,-0.284606)
(2.93733,-5.50836,25) (0.618894,0.27637,-0.735248)
(23.3959,-23.6467,25) (0.994498,0.0853704,-0.0607028)
(-3.239,1.5626,25) (0.0747131,-0.928459,-0.363844)
(18.1936,21.6543,25) (0.561875,-0.566528,-0.602778)
(8.78382,-4.40186,25) (-0.971259,-0.201868,-0.126119)
(1.82338,21.0534,25) (-0.788078,0.615484,-0.0106215)
(-15.2133,22.9075,25) (0.318071,-0.656315,-0.684164)
(5.23756,-14.3936,25) (-0.11632,0.224454,-0.967518)
(-13.832,-16.2719,25) (-0.531101,-0.074678,-0.844011)
(19.106,21.8038,25) (-0.650018,-0.426351,-0.629049)
(9.34514,-16.4194,25) (-0.536866,-0.742974,-0.399705)
(22.9443,5.41827,25) (0.765994,0.422229,-0.484743)
(-17.9175,17.587,25) (0.831178,-0.0734192,-0.551138)
(-15.9293,-17.2124,25) (0.841148,-0.3402,-0.420397)
(-2.96339,17.146,25) (-0.19413,0.949917,-0.244892)
(-14.8734,-0.316475,25) (-0.330643,0.554851,-0.763424)
(14.9167,8.79984,25) (0.599609,-0.0981151,-0.794256)
(-18.0363,-9.96877,25) (0.0891518,-0.975723,-0.200042)
(4.63463,12.1224,25) (0.361225,-0.779568,-0.511654)
(-20.7399,14.6201,25) (0.0177573,0.132747,-0.990991)
(6.74853,16.5032,25) (0.646115,-0.606104,-0.463868)
(3.23536,17.5171,25) (0.190733,-0.920371,-0.341377)
(-0.21941,20.8528,25) (-0.553309,-0.0597918,-0.830827)
(1.94718,3.35739,25) (-0.909845,-0.189664,-0.369065)
(-12.0946,-6.38037,25) (0.0819211,0.992638,-0.0892145)
(-4.86096,-15.4929,25) (-0.169248,0.895653,-0.411292)
(-2.2026,2.33314,25) (0.995873,0.0669998,-0.061221)
(18.3945,-1.5736,25) (-0.128222,0.95995,-0.249109)
(-0.000815603,21.7723,25) (0.675148,-0.0320391,-0.736986)
(5.40063,-1.39136,25) (0.262817,-0.876313,-0.403736)
(13.7824,15.195,25) (-0.444757,-0.516926,-0.731422)
(2.24413,-12.3759,25) (-0.00627118,-0.90269,-0.430246)
(-0.485244,-21.831,25) (-0.612453,-0.486671,-0.622939)
(-4.73829,16.6066,25) (-0.17624,-0.21584,-0.960392)
(-0.665324,-0.943628,25) (-0.104497,-0.168069,-0.980221)
(13.8244,-18.3153,25) (0.316045,0.0293117,-0.948291)
(-8.16463,-4.15052,25) (0.367232,0.473881,-0.800361)
(24.583,-9.44368,25) (-0.0403695,-0.308989,-0.950209)
(5.07519,-21.061,25) (-0.00404194,-0.816006,-0.57803)
(15.8761,-16.8265,25) (0.963839,0.251842,-0.0871272)
(9.46914,24.9128,25) (-0.207352,0.314664,-0.926278)
(-2.69472,-14.9794,25) (0.530365,-0.577482,-0.620667)
(-0.428426,-4.1128,25) (0.979843,-0.19257,-0.0531512)
(4.37668,11.933,25) (-0.218691,0.948023,-0.23114)
(19.2349,22.7313,25) (0.470731,-0.842889,-0.260675)
(13.1993,16.551,25) (-0.796201,0.601329,-0.0668331)
(17.2083,16.982,25) (0.0869497,-0.179011,-0.979997)
(13.7702,-2.35461,25) (-0.105092,0.1649,-0.980696)
(-19.2814,6.3073,25) (-0.00362425,0.586111,-0.810222)
(-3.23145,-12.1348,25) (0.53343,-0.673959,-0.511108)
(-18.5512,9.42039,25) (0.538435,-0.451868,-0.711268)
(7.07163,-12.4709,25) (-0.390759,0.556635,-0.733121)
(-21.1188,20.5177,25) (0.111653,0.523508,-0.844673)
(-21.9921,18.737,25) (0.484085,0.221763,-0.846453)
(5.49189,-17.3542,25) (-0.0192124,-0.937414,-0.347687)
(-21.4198,-1.39248,25) (0.88818,-0.458928,-0.0228388)
(19.4051,-15.7465,25) (-0.396997,0.91756,-0.0218361)
(-13.8789,15.719,25) (0.959175,-0.226386,-0.169506)
(3.86985,16.7763,25) (0.231288,-0.797799,-0.556797)
(14.9707,22.7804,25) (0.00499346,0.956696,-0.291045)
(-10.9756,-17.8748,25) (0.904954,-0.385945,-0.179176)
(-22.7934,20.7105,25) (0.531171,-0.505313,-0.680086)
(1.22057,-20.4879,25) (0.196781,-0.527267,-0.826599)
(-7.03742,-9.41098,25) (-0.66476,0.04203,-0.745874)
(-1.56293,21.2778,25) (-0.782682,0.388738,-0.486099)
(-21.8285,21.5198,25) (0.454574,-0.303865,-0.837275)
(15.78,-11.6398,25) (-0.219523,-0.921476,-0.320455)
(10.5708,19.9887,25) (0.514429,-0.827281,-0.225763)
(-10.3738,-9.62601,25) (0.7702,0.565901,-0.294189)
(-22.6547,7.98001,25) (0.319342,0.806028,-0.498336)
(-22.365,7.98039,25) (0.575815,-0.54224,-0.611892)
(21.2559,8.99534,25) (-0.981364,0.074775,-0.177014)
(22.4108,13.5891,25) (0.411686,-0.273806,-0.869221)
(11.3188,21.8122,25) (-0.777262,-0.012783,-0.629047)
(-15.98,12.9309,25) (0.902502,0.429887,-0.0262212)
(-23.7696,-15.1442,25) (0.421295,-0.831087,-0.36305)
(-24.9281,-23.2349,25) (0.794282,-0.158988,-0.586378)
(21.4872,-8.89363,25) (0.0512953,0.412225,-0.909637)
(5.9277,-11.56,25) (-0.0691192,0.833087,-0.548807)
(-12.0897,24.3269,25) (-0.310699,0.423427,-0.850985)
(23.4359,24.6071,25) (-0.107426,0.58856,-0.801284)
(-0.379727,5.01851,25) (0.576476,0.628164,-0.522576)
(6.6557,3.43346,25) (-0.462546,0.742702,-0.484195)
(0.375185,23.5359,25) (-0.959103,-0.175903,-0.221766)
(-24.6234,-5.43073,25) (-0.557833,0.790926,-0.251514)
(24.68,-20.9302,25) (0.929155,-0.238669,-0.282325)
(-22.869,-9.86429,25) (0.152046,-0.731809,-0.664333)
(-5.43712,-19.8636,25) (-0.792395,0.137946,-0.594206)
(-23.4691,10.4036,25) (0.0916471,-0.933845,-0.345738)
(24.8459,8.55086,25) (0.763726,0.614681,-0.197207)
(24.0159,-18.397,25) (-0.116793,-0.445775,-0.887493)
(20.5755,-2.74249,25) (0.347261,0.789154,-0.506602)
(-22.482,4.63073,25) (-0.750222,0.642762,-0.154997)
(-22.7462,17.2626,25) (0.820365,0.108545,-0.561444)
(1.18602,9.39769,25) (-0.646676,0.269981,-0.713387)
(-16.7961,-6.72574,25) (0.404641,0.887923,-0.218767)
(-2.21648,-24.2795,25) (-0.988899,0.1273,-0.0766338)
(-3.62477,-18.8134,25) (0.217054,0.425355,-0.878613)
(14.0392,-21.6971,25) (0.708884,-0.303541,-0.636668)
(-18.743,-20.5828,25) (0.0658554,0.854852,-0.514675)
(-13.2486,22.6054,25) (0.281924,-0.951111,-0.126122)
(-17.7577,-22.6821,25) (-0.187655,-0.104566,-0.976653)
(4.16977,-8.25374,25) (0.0614524,-0.32562,-0.943501)
(-19.4597,21.0937,25) (-0.145629,0.902216,-0.405953)
(3.72383,1.0583,25) (0.979985,0.0497897,-0.192746)
(-1.32407,-6.41424,25) (0.332295,0.402383,-0.853035)
(-6.69083,-4.00502,25) (-0.313083,-0.936673,-0.156915)
(-23.8864,6.93323,25) (0.837376,-0.52452,-0.153885)
(15.7498,12.6251,25) (0.777275,0.26696,-0.569715)
(-9.20373,-9.00806,25) (0.676406,0.255866,-0.690657)
(-22.1942,22.3968,25) (-0.0300699,0.999482,-0.0114366)
(-20.1487,22.8011,25) (-0.652191,-0.105157,-0.750726)
(-22.1077,-19.3625,25) (0.0354411,0.923569,-0.381792)
(-7.10249,11.0053,25) (-0.102964,-0.908872,-0.404166)
(-5.78584,12.4669,25) (0.148981,0.195431,-0.969336)
(-16.409,23.6763,25) (-0.88585,0.443635,-0.135861)
(13.3177,-19.3938,25) (0.40003,-0.864548,-0.304192)
(7.78329,-4.34775,25) (0.308571,0.573106,-0.759167)
(-6.43239,2.93156,25) (-0.201182,-0.20604,-0.957639)
(2.01021,20.8812,25) (0.462454,0.126661,-0.87755)
(-12.8478,-8.3699,25) (0.0786781,0.0725526,-0.994256)
(-18.0185,3.76334,25) (-0.917572,-0.371867,-0.140627)
(-3.55614,-7.76674,25) (-0.0700744,0.990022,-0.122257)
(-15.3858,-2.61899,25) (-0.245683,0.25514,-0.93517)
(-18.0396,16.3462,25) (0.806983,0.522917,-0.274474)
(-1.07652,3.23593,25) (-0.885567,0.440972,-0.145995)
(-0.363067,24.4542,25) (-0.613893,-0.0562153,-0.787385)
(-23.5932,-18.4781,25) (0.482879,-0.845512,-0.2279)
(7.30486,-21.4616,25) (0.995567,0.0511633,-0.078918)
(0.903196,21.7439,25) (0.247563,0.932336,-0.263558)
(-20.5587,-5.82847,25) (-0.978298,-0.0655149,-0.196571)
(-9.46377,-9.95042,25) (0.861703,0.29367,-0.413795)
(-14.2928,-18.8939,25) (0.127758,-0.644273,-0.754049)
(-19.706,7.97481,25) (0.998736,-0.0461839,-0.0198364)
(-8.40828,-14.5141,25) (0.695989,-0.358202,-0.622327)
(-7.19835,23.4471,25) (-0.684828,-0.0962045,-0.722327)
(-7.92202,-15.3193,25) (-0.810813,-0.0995159,-0.576783)
(-5.74647,24.9324,25) (-0.148904,-0.390413,-0.908518)
(6.18463,-13.6151,25) (0.923554,-0.26398,-0.278142)
(6.05721,-5.41671,25) (0.00903581,0.778566,-0.627498)
(1.80371,-4.07064,25) (0.613071,-0.723522,-0.317269)
(1.94289,-11.1106,25) (0.542396,-0.814504,-0.205887)
(-12.356,-10.8658,25) (0.809184,-0.574974,-0.120939)
(-14.4409,7.25236,25) (-0.36368,-0.414237,-0.834353)
(16.1036,22.319,25) (-0.570645,0.598024,-0.562789)
(-8.62356,16.3793,25) (0.897439,-0.160348,-0.410964)
(24.2451,1.47707,25) (-0.593052,0.780334,-0.198413)
(15.394,24.1268,25) (-0.459502,-0.345817,-0.818088)
(2.66344,10.3057,25) (-0.110902,-0.504966,-0.855985)
(-17.1807,-10.3971,25) (-0.265748,-0.902068,-0.340075)
(22.6977,-11.6551,25) (-0.577835,0.45891,-0.674914)
(-9.76987,-3.27035,25) (-0.40369,0.229697,-0.885592)
(-7.71385,-11.9677,25) (-0.426727,-0.830068,-0.359013)
(-12.8702,9.99352,25) (-0.13623,-0.689419,-0.711437)
(16.227,9.47989,25) (-0.627399,0.778397,-0.0216266)
(-23.9986,-9.87454,25) (0.879848,0.159443,-0.447712)
(20.2157,14.4513,25) (-0.0679272,-0.958588,-0.276577)
(-21.6554,21.4029,25) (0.0274429,0.882197,-0.47008)
(-18.1898,-5.86759,25) (0.791221,-0.385899,-0.474396)
(8.8004,21.785,25) (0.457513,-0.753825,-0.471624)
(16.6292,17.1591,25) (-0.00542216,-0.996977,-0.0775074)
(-12.2148,-18.4208,25) (0.325891,0.882766,-0.338406)
(23.6023,3.85393,25) (0.0210717,-0.988216,-0.151608)
(-21.9304,-3.03021,25) (-0.617297,-0.777119,-0.122596)
(-15.6424,8.10967,25) (-0.69633,0.678138,-0.23506)
(22.5808,-11.263,25) (-0.840696,-0.17765,-0.511537)
(18.6268,14.4795,25) (-0.440561,0.329483,-0.835073)
(15.9964,9.62381,25) (-0.11034,-0.406297,-0.907054)
(-9.29304,-2.6733,25) (-0.195006,0.332657,-0.922666)
(13.3851,-20.0846,25) (-0.431437,-0.262932,-0.862977)
(-10.2841,-20.1155,25) (-0.11545,0.403452,-0.907688)
(-11.0385,16.8319,25) (0.171356,-0.814222,-0.554689)
(-8.92284,3.33971,25) (0.799936,0.12622,-0.586661)
(-12.6104,-23.8033,25) (0.297973,0.604918,-0.738435)
(-16.0554,1.87656,25) (-0.58685,-0.80613,-0.0759075)
(12.2353,23.2647,25) (-0.473478,-0.420885,-0.773741)
(-7.79621,7.12627,25) (-0.65437,-0.0736143,-0.752583)
(-2.74842,8.07078,25) (-0.986721,-0.160641,-0.0240014)
(-19.2067,4.74431,25) (-0.721996,0.255064,-0.643167)
(10.2039,8.71817,25) (-0.00243534,0.583027,-0.812449)
(23.2742,-16.411,25) (-0.141583,0.988882,-0.0454491)
(-22.6647,-4.72149,25) (-0.508976,-0.709346,-0.487618)
(7.24642,24.6685,25) (-0.878014,-0.330889,-0.345839)
(21.7374,12.4703,25) (0.816492,-0.377888,-0.43651)
(-5.18545,-6.49949,25) (0.47763,-0.785263,-0.393995)
(15.6137,8.0096,25) (0.531466,0.218261,-0.818478)
(2.89297,15.923,25) (-0.199882,-0.43662,-0.87716)
(-10.9996,-2.34511,25) (0.0534734,-0.0858137,-0.994875)
(18.9368,-7.26844,25) (-0.378119,0.86346,-0.333861)
(8.31744,-10.0728,25) (-0.804506,-0.432489,-0.407092)
(-0.504256,21.0398,25) (0.976117,-0.194388,-0.0969966)
(-8.23224,11.9133,25) (0.999539,0.0023522,-0.0302591)
(-18.2201,-18.9693,25) (-0.346494,0.210577,-0.914111)
(-13.7435,16.1692,25) (-0.900173,-0.0481897,-0.432859)
(22.5137,3.95703,25) (-0.99697,-0.00620109,-0.0775349)
(-11.1486,3.66006,25) (-0.723478,0.286962,-0.627879)
(-18.6865,0.659134,25) (0.47726,0.447938,-0.756026)
(-17.6186,23.9869,25) (-0.930414,-0.0196751,-0.365982)
(-10.5129,-12.7829,25) (-0.329571,-0.53833,-0.775618)
(5.85152,13.0873,25) (0.408898,-0.8119,-0.416678)
(-5.71093,10.1862,25) (-0.139568,0.98354,-0.114764)
(10.7998,23.3382,25) (0.678806,-0.494633,-0.542735)
(23.945,-7.66811,25) (-0.189629,0.438931,-0.878283)
(3.90814,13.1676,25) (-0.582913,-0.0791711,-0.808668)
(6.98264,-8.87515,25) (0.700061,0.28196,-0.656059)
(-16.2539,10.1464,25) (0.355301,-0.784897,-0.50764)
(-10.798,-3.67161,25) (-0.535855,0.374381,-0.756768)
(-14.8101,-12.4962,25) (-0.918636,-0.360421,-0.161878)
(9.89871,-24.1806,25) (-0.828709,0.166715,-0.534273)
(4.0142,13.8624,25) (-0.752407,-0.0675074,-0.65523)
(15.1208,6.66481,25) (-0.878433,-0.477764,-0.00987824)
(-17.3486,-8.7023,25) (-0.963254,-0.0269087,-0.26724)
(-23.0911,-4.46619,25) (0.87849,0.0419832,-0.475913)
(-12.8444,7.30482,25) (0.692186,0.536952,-0.482247)
(20.737,20.5886,25) (0.230256,0.528899,-0.816852)
(-2.80696,-7.43506,25) (-0.699972,0.0629537,-0.71139)
(24.1329,-11.234,25) (-0.580573,-0.245946,-0.776174)
(-11.4536,-14.3833,25) (-0.393414,-0.873412,-0.287014)
(-20.7733,5.03582,25) (0.967352,0.2508,-0.0364642)
(-5.58698,-6.93253,25) (-0.0753298,0.613759,-0.785891)
(18.0284,4.26275,25) (0.593482,0.472663,-0.651436)
(-11.3153,11.8473,25) (0.884039,0.405924,-0.231735)
(0.202158,-23.7794,25) (-0.0710309,-0.34346,-0.936477)
(-12.8414,-22.465,25) (0.618902,0.774861,-0.128649)
(2.59841,18.0449,25) (-0.711728,0.644565,-0.279249)
(21.6929,19.3689,25) (-0.544097,-0.298791,-0.784017)
(-18.86,2.07145,25) (-0.171886,0.640904,-0.74813)
(-3.72759,0.00964737,25) (-0.749917,0.220059,-0.623858)
(-14.4063,-21.6851,25) (-0.27552,-0.947728,-0.160938)
(-21.6303,-19.2923,25) (-0.407799,0.831829,-0.376511)
(9.67138,18.6117,25) (0.690717,0.721755,-0.0444813)
(-21.5486,22.1176,25) (-0.854653,-0.463519,-0.233921)
(-14.8186,12.4275,25) (-0.664106,-0.542002,-0.514973)
(-18.8836,-9.07438,25) (0.547776,0.634215,-0.54563)
(-11.4721,-3.65109,25) (-0.885477,0.327482,-0.329676)
(-15.2232,-24.3508,25) (-0.11275,-0.162131,-0.980307)
(24.0078,-1.96796,25) (0.738238,0.225143,-0.635858)
(9.30655,-18.6644,25) (0.362653,-0.664773,-0.653115)
(9.66389,17.0879,25) (-0.539766,0.841779,-0.00775662)
(-21.612,7.43876,25) (-0.0973253,0.96988,-0.223297)
(-13.4733,-5.30135,25) (-0.636671,0.23208,-0.735383)
(-24.3618,-9.89121,25) (0.900271,-0.15248,-0.407753)
(-16.2491,-16.3606,25) (0.616096,-0.47769,-0.626289)
(17.8986,-16.6453,25) (-0.539608,-0.557902,-0.63053)
(-13.0659,15.449,25) (-0.61541,-0.782724,-0.0928058)
(21.9752,-23.4787,25) (-0.136347,0.0844574,-0.987054)
(7.39646,11.7171,25) (-0.705142,-0.1279,-0.697436)
(-19.7661,-20.8362,25) (0.665447,0.117105,-0.737202)
(22.7385,12.3353,25) (0.944086,-0.15532,-0.29082)
(16.4946,22.993,25) (0.787309,0.353325,-0.505279)
(-3.68164,-20.8405,25) (0.58497,-0.631355,-0.509118)
(-17.4964,2.32155,25) (0.252947,0.964653,-0.0739151)
(10.3567,-0.0177898,25) (0.22443,-0.613072,-0.757478)
(21.3598,15.3662,25) (-0.222876,-0.814397,-0.535802)
(-17.2105,-15.8544,25) (0.984844,0.150023,-0.0870337)
(-6.63525,9.61342,25) (0.131878,-0.901431,-0.412347)
(-3.63874,16.7652,25) (0.0716028,-0.977553,-0.19815)
(-13.8267,-24.7995,25) (0.826889,0.344173,-0.444746)
(1.31842,-8.32788,25) (-0.74943,0.386079,-0.537864)
(-12.9893,16.2099,25) (-0.25693,0.966384,-0.00938777)
(1.89759,-12.4277,25) (-0.131341,0.0835815,-0.987807)
(-22.8012,8.10446,25) (0.265483,0.019134,-0.963926)
(-6.91267,-24.7749,25) (-0.622759,-0.73537,-0.267214)
(-17.9822,6.28796,25) (-0.905483,0.271289,-0.326348)
(-4.69708,8.87919,25) (0.12401,-0.451394,-0.883666)
(-1.04439,-1.92155,25) (-0.434271,-0.147713,-0.888589)
(-6.82282,5.51388,25) (0.723905,-0.663895,-0.187629)
(-3.82729,-11.9314,25) (-0.383638,-0.418936,-0.822991)
(6.69136,-11.7341,25) (0.905761,-0.41781,-0.070933)
(12.9126,-21.2698,25) (0.597169,0.801813,-0.0220322)
(0.619949,-21.6596,25) (0.283722,0.0848245,-0.955147)
(-23.8299,-6.71975,25) (-0.206986,-0.0683121,-0.975956)
(-0.313542,21.2784,25) (0.628551,-0.716118,-0.303476)
(-17.8645,19.1517,25) (-0.700485,0.111764,-0.704862)
(-17.5165,-16.4522,25) (-0.610957,0.463888,-0.641514)
(12.6308,15.4685,25) (0.298501,0.00741703,-0.95438)
(1.45687,15.6173,25) (-0.120007,-0.314178,-0.941749)
(10.2567,10.6857,25) (-0.91635,0.366602,-0.160954)
(-20.2921,5.21256,25) (-0.706919,-0.403168,-0.581138)
(-5.69374,19.0003,25) (0.365388,0.923814,-0.114279)
(16.8329,-2.48274,25) (-0.385073,-0.894817,-0.225879)
(14.5943,-11.7234,25) (0.966758,-0.0434981,-0.251968)
(-1.9432,-18.514,25) (-0.303194,-0.587327,-0.750414)
(5.54046,9.30405,25) (0.31033,-0.950046,-0.0332816)
(1.04487,2.89601,25) (0.881296,0.448853,-0.147809)
(2.37024,20.2049,25) (-0.96957,-0.22246,-0.102199)
(-6.00103,-17.157,25) (0.253039,0.63998,-0.725533)
(12.9299,19.4232,25) (0.980564,-0.115178,-0.158836)
(11.9595,-4.22105,25) (-0.68818,0.202033,-0.696844)
(-2.58135,-5.76134,25) (-0.292473,0.629588,-0.719777)
(-12.158,-17.1059,25) (-0.535138,0.33481,-0.775584)
(20.1691,-6.66492,25) (0.312926,0.5168,-0.796866)
(3.0314,15.008,25) (0.995133,-0.0320971,-0.0931638)
(-0.299384,10.6913,25) (0.295128,0.759815,-0.579293)
(24.0518,-4.57354,25) (0.604737,0.313915,-0.731949)
(5.46132,-20.8625,25) (-0.747054,0.442629,-0.495975)
(24.8049,-7.57066,25) (-0.516335,0.318986,-0.794762)
(-24.288,-8.33768,25) (0.834806,0.419696,-0.356307)
(3.42414,-21.0682,25) (0.601434,-0.375548,-0.705153)
(15.7079,12.9007,25) (-0.681509,-0.668625,-0.297466)
(-17.9233,7.28451,25) (-0.193374,-0.779467,-0.59585)
(21.3796,-13.3759,25) (0.40081,0.23557,-0.885358)
(17.1244,2.0896,25) (-0.802437,0.430822,-0.412902)
(24.9543,6.09308,25) (-0.990383,0.0426584,-0.131611)
(11.3479,6.44106,25) (0.992756,-0.103826,-0.0604705)
(-7.73918,-1.02679,25) (-0.729655,-0.683258,-0.0276073)
(18.4207,-13.4711,25) (-0.629909,-0.441225,-0.639167)
(-19.4828,-4.15195,25) (0.620833,0.231432,-0.749003)
(10.5684,10.016,25) (0.26845,0.416667,-0.868518)
(4.55956,16.9327,25) (0.792019,0.462662,-0.398309)
(-15.8546,-9.47619,25) (-0.667249,-0.744259,-0.029276)
(18.5582,-16.3753,25) (0.0683068,-0.711795,-0.699058)
(-1.04033,-19.3504,25) (-0.443267,-0.896329,-0.010412)
(16.8601,19.2211,25) (0.309633,-0.201193,-0.929327)
(-3.53339,10.075,25) (0.457319,-0.85722,-0.236714)
(-7.83582,-20.9508,25) (0.59539,-0.68613,-0.418015)
(5.15785,-15.1587,25) (0.285961,0.707699,-0.646056)
(14.6317,-14.1973,25) (-0.890776,-0.439026,-0.117361)
(6.4263,3.9069,25) (0.532669,-0.309922,-0.787535)
(8.90435,11.2841,25) (0.85585,-0.513419,-0.0626228)
(-15.0014,-2.00096,25) (-0.124446,0.14352,-0.981792)
(-10.1066,-21.2586,25) (-0.726494,-0.169221,-0.666011)
(3.17418,4.02722,25) (0.225593,0.865471,-0.447289)
(23.1096,3.84535,25) (0.466852,0.78587,-0.405533)
(22.2584,-0.152603,25) (-0.0875703,0.418317,-0.90407)
(-3.98074,-18.9002,25) (-0.119991,0.789701,-0.601643)
(-20.7049,17.5103,25) (-0.865661,-0.32116,-0.38404)
(-17.9013,-9.09322,25) (-0.708849,-0.693136,-0.130749)
(21.7407,6.49519,25) (0.902023,0.369325,-0.223501)
(-24.7261,24.132,25) (-0.973754,0.214674,-0.0756132)
(-5.97694,-23.4609,25) (-0.99628,0.0593616,-0.0624713)
(3.43938,-22.5393,25) (0.231849,0.964947,-0.122975)
(5.32399,-16.146,25) (0.335962,-0.0969902,-0.936868)
(-0.809546,-19.2558,25) (0.391643,0.900438,-0.18928)
(-20.3561,23.8666,25) (-0.300954,0.934559,-0.189803)
(-1.44531,-22.8438,25) (0.895569,-0.438985,-0.0724458)
(15.1885,-6.97994,25) (-0.113926,0.434314,-0.893528)
(3.18588,-4.91382,25) (-0.870964,-0.108719,-0.479168)
(17.1687,-24.4575,25) (0.146758,0.818305,-0.555733)
(0.280821,-2.46749,25) (-0.563582,0.505786,-0.653112)
(23.2921,-11.0432,25) (-0.443466,-0.46608,-0.765577)
(-22.3456,5.30708,25) (-0.225107,-0.275031,-0.934711)
(2.08531,13.7986,25) (0.551945,-0.590746,-0.588537)
(16.4562,-3.36046,25) (-0.0142669,0.477734,-0.878389)
(9.39855,10.7086,25) (-0.405374,0.912205,-0.059609)
(20.9811,23.2557,25) (0.296732,0.47281,-0.8297)
(-22.2799,0.987456,25) (0.236012,-0.452937,-0.859736)
(-7.38211,5.05132,25) (0.113729,0.949396,-0.292769)
(14.1059,-7.48062,25) (-0.928139,0.143962,-0.343267)
(20.0793,22.9566,25) (0.30359,0.614169,-0.728443)
(-23.406,4.85929,25) (0.273208,-0.9465,-0.171741)
(24.6796,13.1443,25) (0.339925,0.742331,-0.577404)
(20.9298,-23.937,25) (-0.696439,-0.717484,-0.0137504)
(-24.5041,-9.48945,25) (0.5039,-0.822928,-0.262438)
(-14.2409,-11.652,25) (0.803756,0.115113,-0.583717)
(14.0848,8.49258,25) (-0.739572,-0.401768,-0.540015)
(7.20478,-8.77193,25) (-0.32249,0.914541,-0.244161)
(-10.9149,16.8256,25) (0.908866,0.416323,-0.0252674)
(3.39486,-18.049,25) (0.639677,-0.0485556,-0.767109)
(12.1854,21.9491,25) (-0.645689,0.65794,-0.387558)
(17.3729,9.88198,25) (0.223789,0.494233,-0.840031)
(-3.22427,-15.6559,25) (0.89016,0.421019,-0.174234)
(-16.3377,19.2733,25) (0.506503,-0.0561486,-0.860408)
(13.1201,16.5398,25) (-0.708823,-0.398697,-0.581903)
(-16.1614,12.3057,25) (-0.196797,0.970224,-0.141195)
(7.06442,1.20989,25) (0.393444,0.872271,-0.290422)
(13.1158,-2.34855,25) (0.431781,0.839449,-0.329986)
(-16.068,-16.6567,25) (-0.0127714,-0.984228,-0.176444)
(0.365249,-10.4466,25) (-0.388033,0.564865,-0.728257)
(-12.0372,-3.2562,25) (-0.643992,0.685665,-0.33932)
(-5.34223,-8.67313,25) (0.101447,-0.732263,-0.673424)
(15.3158,10.4929,25) (0.699081,0.414059,-0.582959)
(20.9279,-6.67119,25) (0.679908,-0.696357,-0.229808)
(6.76885,-3.79727,25) (-0.686958,-0.67668,-0.264939)
(11.1918,6.01113,25) (-0.94164,0.209485,-0.263496)
(15.2503,-14.7707,25) (-0.626505,0.555977,-0.546243)
(-10.1175,10.2978,25) (0.269362,0.0217828,-0.962792)
(11.9752,-8.87938,25) (-0.451135,0.430739,-0.781627)
(6.62879,16.9706,25) (0.950565,-0.244613,-0.191288)
(-10.44,-24.6173,25) (-0.0905181,0.629604,-0.771625)
(-8.1076,18.2568,25) (0.377647,-0.914084,-0.147761)
(-13.2205,-4.35838,25) (-0.65769,0.619496,-0.428566)
(17.776,-5.66947,25) (0.6597,-0.470116,-0.586333)
(-21.7852,10.0581,25) (-0.83828,0.127131,-0.530212)
(-23.4041,-23.4073,25) (0.565495,-0.776873,-0.27692)
(15.0673,-11.8895,25) (0.471126,0.869481,-0.148471)
(14.1223,-17.3755,25) (-0.14008,-0.769863,-0.622647)
(-5.37839,12.1811,25) (-0.0602364,0.256679,-0.964618)
(-12.7671,-16.2704,25) (0.112985,-0.910234,-0.398382)
(-8.42765,-9.72689,25) (-0.641917,-0.282842,-0.712701)
(3.44165,19.9734,25) (0.999893,0.0145719,-0.00110973)
(7.73416,12.7818,25) (0.963826,0.184827,-0.192038)
(-10.4574,-20.8722,25) (-0.0114453,0.155124,-0.987829)
(-13.7631,23.3385,25) (0.705889,0.359044,-0.61058)
(-23.342,6.47436,25) (-0.525779,-0.750235,-0.400878)
(-6.26097,-10.2114,25) (0.0430138,0.313447,-0.948631)
(-18.3451,3.35744,25) (-0.982131,0.0912718,-0.164586)
(-2.20687,23.1441,25) (0.319618,0.245554,-0.915176)
(-1.9216,-18.3046,25) (0.586233,0.142808,-0.797457)
(20.294,18.2655,25) (-0.290138,0.949428,-0.120024)
(-0.646327,6.22949,25) (-0.569033,-0.589496,-0.57332)
(24.6766,-22.2425,25) (0.799685,0.414455,-0.434432)
(5.77545,9.79795,25) (-0.213494,-0.975869,-0.0458292)
(9.26782,0.781929,25) (0.11921,-0.428838,-0.895481)
(-16.4271,-23.2118,25) (0.170738,-0.983409,-0.0612872)
(21.4749,10.4171,25) (0.294178,0.715094,-0.634114)
(15.5056,0.359757,25) (0.179421,0.781285,-0.59783)
(2.1503,-7.64745,25) (0.974263,0.209891,-0.082209)
(-13.2747,0.744126,25) (0.573459,0.214676,-0.790607)
(13.5924,3.91032,25) (-0.226455,0.848688,-0.477962)
(-23.917,-4.69281,25) (0.055177,-0.176022,-0.982839)
(7.60202,-22.678,25) (-0.879946,0.226821,-0.41743)
(7.36086,10.9382,25) (-0.00401456,-0.912922,-0.408115)
(4.45589,-20.452,25) (-0.966451,0.0290138,-0.255206)
(17.5531,-8.45472,25) (0.364764,-0.843201,-0.394918)
(8.79629,14.4476,25) (-0.685278,-0.281086,-0.671851)
(11.5938,-8.5423,25) (0.0790237,-0.96492,-0.250371)
(24.7208,15.6632,25) (-0.965193,0.255372,-0.0564642)
(-2.94646,-16.8394,25) (-0.376539,-0.830698,-0.410073)
(-14.9499,-15.4428,25) (-0.308159,-0.796544,-0.520149)
(-21.9407,-6.28299,25) (-0.72029,0.55955,-0.409982)
(-7.05041,1.23749,25) (0.0517101,-0.844121,-0.533653)
(-22.8048,13.8592,25) (-0.772881,0.599132,-0.209036)
(-7.47051,22.3961,25) (-0.686608,0.654957,-0.315594)
(7.06373,17.27,25) (0.334698,-0.619768,-0.709834)
(-10.9437,-5.51147,25) (-0.409065,0.275948,-0.869781)
(-16.4772,-24.2124,25) (-0.954428,-0.169317,-0.245762)
(21.8224,-16.1561,25) (0.122868,-0.887489,-0.444148)
(5.2511,-1.84926,25) (-0.0273438,0.66801,-0.743649)
(0.383642,-9.82881,25) (-0.68245,-0.440813,-0.583049)
(10.7467,15.1455,25) (-0.454111,-0.126602,-0.881904)
(8.28292,-12.1361,25) (0.521898,-0.0975786,-0.847408)
(-9.24286,15.9869,25) (-0.808805,-0.587331,-0.0296148)
(-10.3251,3.62505,25) (0.913839,-0.278013,-0.295985)
(-22.8995,19.7539,25) (0.923656,0.00654058,-0.383168)
(23.0393,14.5854,25) (-0.354076,0.546545,-0.758893)
(-5.73579,5.59722,25) (0.583685,0.80636,-0.0953664)
(15.4287,-1.97285,25) (-0.799789,-0.316645,-0.509974)
(-3.9758,18.9508,25) (0.324765,-0.156149,-0.932816)
(-16.539,-24.3537,25) (0.769256,0.236802,-0.593439)
(-19.7024,-1.4188,25) (0.898498,0.336432,-0.281985)
(-6.41137,22.6293,25) (0.0694168,0.467059,-0.881497)
(2.59409,-2.58117,25) (-0.0313852,-0.34326,-0.938716)
(-20.6422,20.9833,25) (-0.658895,0.129674,-0.740974)
(-23.8835,-23.9405,25) (0.264606,-0.869512,-0.417052)
(1.22967,-17.9661,25) (0.65677,0.349159,-0.668386)
(14.0285,11.5177,25) (0.594055,0.0472377,-0.803036)
(-18.8791,9.24582,25) (0.824993,-0.519517,-0.222462)
(-13.2555,-22.5703,25) (0.896391,-0.443225,-0.0058968)
(22.2043,-7.76981,25) (0.15082,0.705997,-0.691969)
(-19.0425,15.862,25) (-0.0116421,-0.296504,-0.954961)
(10.5942,-17.8668,25) (-0.84607,-0.499945,-0.184986)
(-12.3347,-14.5287,25) (0.120073,-0.584573,-0.802407)
(9.61967,-8.82553,25) (0.485481,0.631145,-0.60495)
(14.5381,9.59036,25) (0.416092,-0.615642,-0.669218)
(-23.866,-16.2023,25) (-0.952332,-0.217312,-0.214102)
(20.485,11.2915,25) (0.678393,-0.346719,-0.647741)
(-6.94309,-9.93683,25) (-0.00368024,0.716966,-0.697099)
(-16.3036,2.63185,25) (-0.470076,-0.694855,-0.544248)
(19.7984,10.4746,25) (-0.0964118,-0.959372,-0.265162)
(9.87495,13.593,25) (0.173118,0.984859,-0.00906954)
(-17.3544,-5.21814,25) (0.586216,0.808311,-0.0546296)
(22.1878,-22.4382,25) (0.317163,-0.882169,-0.348118)
(7.59951,19.0155,25) (0.506652,-0.753186,-0.419541)
(-0.124508,18.1654,25) (-0.537201,0.822517,-0.186764)
(-0.756888,-14.9722,25) (0.267977,0.855842,-0.442405)
(-9.33039,6.50427,25) (-0.573524,0.550862,-0.606318)
(-21.3964,-21.2158,25) (0.182192,-0.364657,-0.913144)
(1.97521,-10.6065,25) (-0.584185,-0.712466,-0.388741)
(23.7399,-3.17788,25) (-0.383851,-0.919853,-0.0807965)
(15.5823,-12.5354,25) (0.822981,0.55805,-0.106222)
(-20.4203,-13.571,25) (0.518452,0.240637,-0.820549)
(15.115,19.2675,25) (-0.752639,0.5998,-0.271615)
(18.0848,-3.10285,25) (-0.529433,-0.846739,-0.052291)
(15.5013,9.50019,25) (0.539594,-0.841847,-0.0115338)
(-19.9979,10.2675,25) (0.694734,0.582768,-0.421575)
(19.6628,-11.7568,25) (-0.0439696,0.0308799,-0.998556)
(10.4805,-23.961,25) (0.429218,0.400182,-0.809708)
(-12.2189,-17.3316,25) (0.0347357,0.747892,-0.662911)
(-3.02611,-4.72837,25) (0.167954,-0.0283445,-0.985387)
(1.5404,12.9031,25) (-0.36959,-0.86998,-0.326401)
(-7.23242,20.2385,25) (0.453298,-0.26001,-0.852594)
(-14.3943,10.1945,25) (-0.137073,-0.115494,-0.983805)
(9.52346,4.06948,25) (-0.798295,-0.252524,-0.546769)
(7.48205,-1.56405,25) (0.811982,-0.417139,-0.408265)
(-20.5182,11.6432,25) (-0.689433,0.0624489,-0.721653)
(4.4042,17.9646,25) (0.909879,0.397969,-0.117222)
(-3.05222,21.4081,25) (0.854331,-0.140156,-0.500475)
(-24.6499,24.9784,25) (0.0251873,-0.999677,-0.00325656)
(0.79179,-19.7467,25) (0.974423,0.0042733,-0.224679)
(7.42747,5.63044,25) (0.551574,-0.808205,-0.206327)
(3.68471,21.4131,25) (-0.862528,-0.269912,-0.428009)
(8.47414,17.5355,25) (0.351628,0.532682,-0.76981)
(5.74712,11.3463,25) (-0.0292557,-0.374354,-0.926824)
(6.81654,-6.22968,25) (-0.61736,0.785106,-0.049748)
(20.2134,0.703462,25) (0.734304,-0.233005,-0.637578)
(1.43874,-13.8309,25) (0.539263,-0.673501,-0.505561)
(4.85106,14.8171,25) (0.798077,-0.247859,-0.549217)
(18.9387,13.0764,25) (0.831971,-0.553917,-0.0316277)
(24.7533,-1.26683,25) (0.968095,-0.247065,-0.0418515)
(9.69517,-20.8886,25) (0.648049,-0.608412,-0.458113)
(3.95438,0.537342,25) (-0.189201,-0.693881,-0.694789)
(12.1238,4.421,25) (-0.859687,0.350014,-0.372059)
(4.00449,-22.5226,25) (-0.862225,0.194488,-0.4677)
(-21.3854,17.0964,25) (0.0603672,-0.980213,-0.188514)
(-12.5557,-5.51558,25) (0.148573,0.646148,-0.748611)
(-22.453,15.2413,25) (0.24983,-0.936335,-0.2467)
(-16.8924,-22.0875,25) (-0.937752,-0.345359,-0.0367174)
(16.3428,19.9025,25) (-0.859696,0.459605,-0.222903)
(18.4498,19.9555,25) (-0.660896,-0.726136,-0.189586)
(-10.2265,9.01898,25) (0.698051,-0.444544,-0.561343)
(-0.84267,-16.2773,25) (0.403524,0.274401,-0.872853)
(-15.1857,-17.8605,25) (-0.611671,0.223329,-0.758935)
(-20.7977,21.6342,25) (0.70625,-0.68362,-0.18405)
(-8.59985,-10.2967,25) (0.43816,-0.797291,-0.415142)
(-12.1689,22.3313,25) (-0.526656,-0.266248,-0.807308)
(0.384416,22.724,25) (-0.428209,-0.868175,-0.250816)
(5.36585,-16.8432,25) (0.941194,-0.134117,-0.310107)
(-14.924,0.809461,25) (0.362472,-0.368835,-0.855906)
(-15.467,20.7666,25) (0.817759,0.442142,-0.368483)
(12.086,19.5022,25) (0.892372,0.209666,-0.399641)
(19.2749,13.2258,25) (-0.957651,-0.273427,-0.090228)
(-9.60931,-2.77674,25) (-0.607618,0.727698,-0.318206)
(-4.95398,-17.3656,25) (0.264161,0.957921,-0.112282)
(-15.3505,8.90947,25) (-0.772957,0.632671,-0.0475817)
(11.6032,-8.25476,25) (0.56327,0.717295,-0.41014)
(20.186,-2.80741,25) (-0.107896,-0.949359,-0.295086)
(-7.57273,-9.02437,25) (0.335853,-0.117068,-0.934611)
(24.261,-6.0157,25) (-0.242104,-0.422437,-0.87346)
(-9.14211,-24.3739,25) (0.241721,0.410608,-0.879188)
(3.99251,-16.5574,25) (-0.179104,0.932423,-0.313861)
(13.644,-20.1977,25) (0.889856,-0.213116,-0.403408)
(6.74234,22.3745,25) (0.439017,0.851786,-0.285875)
(6.87809,-0.726081,25) (-0.0035284,0.944472,-0.328574)
(-2.77572,3.52064,25) (-0.162326,0.844788,-0.509886)
(-0.312086,-8.15043,25) (-0.965434,0.239444,-0.102978)
(-13.048,1.16769,25) (-0.172253,0.576515,-0.798724)
(16.1794,3.07413,25) (-0.239571,0.0410692,-0.97001)
(-24.8077,15.7101,25) (-0.0437583,-0.962559,-0.267517)
(21.1763,19.6668,25) (-0.43347,-0.841853,-0.32154)
(1.96474,6.06955,25) (0.0276842,0.684137,-0.728828)
(-10.8061,-3.66996,25) (-0.276393,-0.920196,-0.277211)
(-18.4824,22.3279,25) (0.188879,-0.03594,-0.981342)
(-1.5764,8.66478,25) (0.898861,-0.0142415,-0.438003)
(2.85969,7.41389,25) (-0.97651,0.105115,-0.188091)
(0.439544,-9.65343,25) (0.977064,-0.0628107,-0.203472)
(-11.9256,22.421,25) (0.607667,-0.495332,-0.620795)
(-10.305,-4.99818,25) (-0.432533,-0.714328,-0.550137)
(12.6666,3.1123,25) (0.991337,-0.125125,-0.0399243)
(10.7006,0.475198,25) (0.529815,0.0394878,-0.847194)
(-11.1214,-7.37645,25) (-0.0817105,-0.951876,-0.29539)
(-12.4291,-12.6898,25) (-0.231083,0.970965,-0.0618691)
(2.34907,16.2158,25) (-0.577061,-0.0893601,-0.811798)
(-0.0354257,2.03411,25) (-0.604307,0.205148,-0.769888)
(2.29039,-20.9969,25) (-0.54769,0.555526,-0.625641)
(-3.66815,-21.9244,25) (0.372011,-0.806279,-0.459916)
(-16.4161,-22.9031,25) (-0.0203203,0.447134,-0.894236)
(24.384,-2.6585,25) (0.317039,-0.568038,-0.759486)
(9.33122,8.69115,25) (-0.146182,0.467057,-0.87206)
(11.4288,3.03004,25) (0.546295,0.400622,-0.73557)
(12.8157,-18.8198,25) (-0.814102,-0.354347,-0.460082)
(-6.48495,-14.8312,25) (-0.534864,0.168994,-0.827866)
(-5.66673,-5.54619,25) (-0.942803,-0.260273,-0.208281)
(-2.22714,18.6696,25) (-0.857435,0.37803,-0.349139)
(6.82007,0.100307,25) (0.10491,0.971513,-0.212498)
(-0.470229,-5.26476,25) (0.578641,-0.517206,-0.630613)
(12.6255,17.1362,25) (0.809,0.450828,-0.37719)
(-2.70602,22.557,25) (0.299283,-0.756974,-0.580879)
(3.45055,-13.4645,25) (-0.650185,-0.439579,-0.619702)
(-10.5812,-12.7867,25) (0.993716,0.0577042,-0.0959096)
(-13.153,-20.9347,25) (0.855972,0.349205,-0.381272)
(24.5086,18.2966,25) (0.615512,-0.581436,-0.53205)
(0.741531,8.14289,25) (-0.404511,-0.476954,-0.780311)
(16.2132,-24.9716,25) (0.663296,0.172206,-0.728274)
(24.5465,-10.2942,25) (-0.24902,0.857218,-0.450739)
(9.65413,1.73879,25) (-0.133676,0.911499,-0.388974)
(-14.8283,-19.3593,25) (-0.852986,0.494047,-0.168323)
(-20.3481,-9.18819,25) (-0.161455,-0.331889,-0.929399)
(24.8158,15.5993,25) (-0.330945,-0.888932,-0.316663)
(15.4738,-11.1743,25) (-0.735541,-0.650996,-0.187574)
(-15.5968,-0.360015,25) (0.363699,0.0652758,-0.929226)
(-16.4231,20.4155,25) (-0.875356,-0.469441,-0.115662)
(-6.0305,-10.1214,25) (-0.269659,0.883002,-0.384177)
(1.33694,-12.0134,25) (0.283853,0.650728,-0.704259)
(-19.2714,-0.0746815,25) (0.229749,0.856889,-0.461472)
(-5.58564,-4.1263,25) (0.546877,0.134048,-0.826412)
(22.7226,-5.75324,25) (-0.658758,0.717805,-0.225375)
(-20.6889,-9.30175,25) (-0.336198,-0.417984,-0.843955)
(-12.8428,0.0971145,25) (-0.200936,-0.958892,-0.200375)
(-4.03026,0.768408,25) (0.418969,0.735327,-0.532691)
(-14.869,18.0159,25) (-0.769667,-0.160576,-0.617923)
(-22.4486,2.2321,25) (-0.213429,0.874112,-0.436322)
(17.8223,-11.9873,25) (-0.0010789,-0.934831,-0.355091)
(-14.0876,-7.56207,25) (0.208362,0.0507229,-0.976736)
(-22.2916,3.9578,25) (0.226339,0.424332,-0.876763)
(19.3574,1.89591,25) (-0.701373,0.381468,-0.602128)
(5.94093,-12.6385,25) (-0.75074,-0.432402,-0.499418)
(7.09258,22.5506,25) (0.0555271,-0.667325,-0.742694)
(0.890895,-11.3292,25) (-0.181878,0.982508,-0.0399754)
(-4.4621,-2.74657,25) (0.0322515,0.602281,-0.797633)
(-17.5748,-22.7176,25) (-0.344384,0.661812,-0.665886)
(24.0219,-23.0169,25) (0.0974939,0.0495958,-0.994)
(-19.589,22.8566,25) (-0.705816,0.365697,-0.606704)
(-23.1511,19.1207,25) (-0.625671,0.779863,-0.0186753)
(-19.2406,15.9036,25) (-0.390498,0.805802,-0.44519)
(-8.45307,-17.1158,25) (-0.144368,0.642809,-0.7523)
(5.94934,-8.26623,25) (-0.803046,-0.420258,-0.422494)
(19.68,0.986272,25) (-0.343156,-0.894688,-0.285969)
(-2.41811,-16.409,25) (-0.805496,-0.406976,-0.430751)
(-5.90538,-12.7196,25) (0.192779,0.773053,-0.604338)
(10.4166,18.3556,25) (0.352169,0.589043,-0.727328)
(-8.47362,18.1811,25) (0.725263,-0.427049,-0.540022)
(-1.07134,6.40602,25) (0.868603,-0.494157,-0.0365737)
(7.3426,22.7568,25) (0.808709,-0.341091,-0.479215)
(-16.2459,8.3174,25) (0.716018,0.665264,-0.211523)
(18.3245,-14.589,25) (0.891564,-0.360445,-0.274214)
(-22.9028,-2.55347,25) (-0.24236,0.639949,-0.729196)
(-23.7038,6.14776,25) (0.965221,-0.186742,-0.182965)
(-11.8897,16.8447,25) (-0.930743,0.30938,-0.194937)
(9.88962,5.85767,25) (-0.628575,0.741269,-0.235399)
(-0.658651,-2.02798,25) (-0.878042,0.474883,-0.0594043)
(-16.4957,18.2384,25) (0.358161,-0.68606,-0.633279)
(-15.6944,17.0572,25) (-0.633302,0.151554,-0.75892)
(11.0127,-23.722,25) (-0.347615,-0.555019,-0.755724)
(-4.7874,-2.72429,25) (0.901104,0.386966,-0.195623)
(5.7409,24.8923,25) (0.170841,0.775515,-0.607774)
(2.21624,22.9546,25) (-0.072385,-0.360507,-0.929944)
(0.254764,6.78844,25) (-0.0204922,0.881136,-0.472419)
(13.1085,-19.1796,25) (-0.884477,0.0925802,-0.457307)
(16.6807,22.3983,25) (0.319996,0.31808,-0.892428)
(8.06528,17.6442,25) (-0.805007,0.0492516,-0.591217)
(24.0569,14.6888,25) (0.0819669,0.917666,-0.388806)
(7.85254,6.34879,25) (0.14363,-0.316461,-0.937669)
(6.07552,3.24175,25) (-0.010545,-0.0251587,-0.999628)
(-17.0396,-20.2466,25) (-0.973153,-0.170376,-0.154743)
(-14.4812,-10.2942,25) (-0.247842,-0.468529,-0.847971)
(2.10516,15.5791,25) (0.222888,-0.547101,-0.806847)
(8.63874,2.09772,25) (0.443328,-0.45518,-0.772186)
(-3.77288,3.00067,25) (-0.00979944,0.933131,-0.359402)
(1.71303,-22.2287,25) (0.750621,-0.341843,-0.565431)
(7.26663,20.3129,25) (-0.713332,-0.68902,-0.128101)
(-4.7921,14.4526,25) (-0.471936,-0.522721,-0.709957)
(-9.08794,-17.9305,25) (0.86506,-0.327733,-0.379818)
(18.5565,11.0558,25) (0.98149,-0.187407,-0.0394451)
(14.6653,-22.7289,25) (0.846934,-0.505661,-0.164345)
(-3.08755,-14.2885,25) (-0.186163,-0.981195,-0.0509886)
(-6.64817,12.8445,25) (0.157946,-0.977225,-0.141722)
(5.32221,-2.46055,25) (0.978879,-0.0321959,-0.20189)
(-21.4668,-15.5618,25) (0.171596,-0.550985,-0.816682)
(4.18918,3.69609,25) (-0.736476,-0.591697,-0.327869)
(3.88123,-15.22,25) (0.0876901,-0.45328,-0.887045)
(18.024,-15.9751,25) (-0.652534,-0.153881,-0.741971)
(-20.7373,-14.5817,25) (-0.127616,-0.295313,-0.946839)
(24.3758,-5.14579,25) (0.0988836,0.814054,-0.572309)
(20.5193,-11.2608,25) (-0.30455,-0.438057,-0.845787)
(24.1438,-16.7095,25) (-0.762676,0.183683,-0.62015)
(19.2341,-24.1955,25) (-0.222179,-0.360237,-0.906016)
(3.62319,-12.9922,25) (0.48105,0.509539,-0.713415)
(-2.73225,-7.85038,25) (0.211646,-0.728663,-0.65135)
(24.0242,14.2842,25) (0.964848,0.262286,-0.0165716)
(-22.5911,1.44129,25) (0.644225,0.216824,-0.733458)
(-3.42057,-10.8086,25) (0.129515,-0.589667,-0.797194)
(-6.39575,9.85758,25) (0.805629,0.367772,-0.464441)
(12.5251,23.086,25) (0.75282,-0.309818,-0.580754)
(-5.30621,-19.1333,25) (-0.875001,0.135554,-0.464755)
(1.93592,-21.6478,25) (0.218784,-0.90154,-0.373308)
(-17.7715,20.9665,25) (0.755668,-0.550657,-0.354603)
(14.7477,13.407,25) (-0.688397,-0.724588,-0.0329019)
(-16.4717,-10.6497,25) (-0.561519,0.737324,-0.375566)
(-23.089,0.0253938,25) (0.0783219,-0.149701,-0.985624)
(-15.8607,22.778,25) (0.557549,0.815201,-0.156802)
(21.2533,-12.3744,25) (-0.805863,-0.493827,-0.326681)
(-13.8696,19.9101,25) (0.999272,0.0381541,-0.000636829)
(3.13166,-3.94187,25) (-0.248704,0.191039,-0.949553)
(-4.30292,-5.12294,25) (-0.816114,0.337745,-0.46892)
(-19.7391,-23.4783,25) (-0.434095,-0.557705,-0.707479)
(-18.4847,-10.7854,25) (-0.705692,0.331418,-0.626227)
(-12.9178,-18.9809,25) (0.412357,0.910183,-0.0391032)
(8.58264,-20.224,25) (0.506793,-0.819744,-0.266798)
(-16.2986,-4.11442,25) (-0.869811,0.363308,-0.33382)
(-15.0533,0.0480651,25) (0.210251,-0.977073,-0.0334952)
(-7.10637,5.91745,25) (-0.091456,-0.607455,-0.789072)
(11.8345,-8.30167,25) (0.906222,0.152058,-0.394512)
(-2.39703,-23.5283,25) (-0.330957,-0.295336,-0.896239)
(16.1334,5.06371,25) (0.820417,-0.0652359,-0.568031)
(-6.19801,-22.367,25) (-0.250099,-0.923437,-0.291059)
(-15.2509,-24.1169,25) (-0.908812,-0.235171,-0.34461)
(-19.0338,-20.809,25) (-0.477855,0.287049,-0.830215)
(21.5063,8.42517,25) (-0.987188,0.148035,-0.0595508)
(-5.07027,0.408206,25) (-0.111933,0.205567,-0.972221)
(23.176,8.35663,25) (0.257441,0.928047,-0.269171)
(-19.3796,12.9409,25) (-0.0236025,0.303722,-0.952468)
(6.7636,7.80368,25) (0.746308,0.651158,-0.137904)
(-15.6518,-24.2691,25) (0.601091,0.706464,-0.373628)
(-23.6808,0.762018,25) (0.870049,-0.34159,-0.355432)
