(-6.69253,18.3124,25) (0.161931,0.843639,-0.51191)
(14.5942,-21.7738,25) (0.443737,-0.13032,-0.886631)
(20.1292,0.016632,25) (-0.135025,0.810334,-0.570199)
(11.7429,-6.24917,25) (0.747751,0.421927,-0.512685)
(15.1985,-3.17246,25) (0.622559,-0.66046,-0.419776)
(-22.8253,0.602239,25) (0.101123,0.00596343,-0.994856)
(-17.4582,-22.933,25) (-0.817931,0.566961,-0.0976972)
(20.7038,-1.68359,25) (-0.974696,0.121234,-0.187803)
(-22.661,-12.8207,25) (-0.653506,-0.684638,-0.322801)
(11.0766,-16.0735,25) (-0.331574,-0.81981,-0.466874)
(-3.96243,10.5978,25) (0.440784,-0.757052,-0.482268)
(-5.90082,15.6184,25) (0.763295,0.575379,-0.293803)
(-16.9175,19.9199,25) (-0.981133,-0.182434,-0.0640075)
(-14.7828,-4.55191,25) (-0.735526,-0.605281,-0.304363)
(-1.99445,-3.9196,25) (0.215013,-0.131439,-0.967726)
(-17.164,24.4771,25) (-0.952131,0.102152,-0.288117)
(-9.87421,20.0513,25) (-0.0609119,-0.509322,-0.858418)
(-0.240045,-12.0189,25) (0.635646,-0.40481,-0.65733)
(-19.7397,-0.125849,25) (-0.328849,-0.497805,-0.802526)
(22.1947,-22.0571,25) (-0.0724826,-0.673406,-0.735711)
(-15.4039,-17.6726,25) (-0.851926,-0.204215,-0.482202)
(-0.779862,-19.3082,25) (0.523807,-0.175707,-0.833518)
(-22.0748,12.587,25) (-0.546829,-0.379741,-0.746173)
(2.68534,-2.54183,25) (-0.434558,-0.31102,-0.845237)
(17.1673,-22.1816,25) (-0.532401,-0.620789,-0.575474)
(15.7426,20.093,25) (0.0304218,0.991636,-0.125431)
(-4.04679,-12.0632,25) (0.261737,-0.179005,-0.948394)
(9.44987,-23.0323,25) (-0.986521,-0.143182,-0.079211)
(18.5585,-12.6967,25) (0.76486,0.464285,-0.446574)
(-11.9705,14.158,25) (-0.901312,0.423732,-0.0899305)
(18.1731,-20.9391,25) (0.934198,0.35675,-0.00185811)
(24.1567,-1.60892,25) (-0.170045,-0.287712,-0.9425)
(-10.5236,24.0924,25) (-0.869655,0.338551,-0.359281)
(-11.3017,-15.2045,25) (0.764308,0.147489,-0.627758)
(-15.9887,-15.958,25) (-0.020914,0.26905,-0.962899)
(-7.17089,10.1758,25) (-0.145086,0.986145,-0.0804225)
(17.39,16.4791,25) (0.548751,0.179061,-0.816584)
(20.3611,18.5963,25) (0.0493526,0.0731333,-0.9961)
(-14.611,-8.0961,25) (0.104226,-0.0392489,-0.993779)
(12.6313,4.42372,25) (-0.670008,-0.658319,-0.343083)
(-16.4436,-22.3135,25) (-0.350703,-0.934051,-0.0674955)
(-21.4687,-15.2986,25) (-0.0313227,-0.378507,-0.925068)
(2.97615,-3.28378,25) (0.264983,0.730825,-0.62903)
(22.8712,-3.12409,25) (0.339396,-0.825504,-0.450948)
(18.2707,1.21797,25) (0.281593,-0.956771,-0.0727616)
(-17.3286,20.7197,25) (-0.298881,-0.738788,-0.604039)
(18.1096,23.3918,25) (-0.501379,0.365471,-0.784251)
(-20.245,-1.58354,25) (0.428427,-0.575393,-0.696687)
(-4.78179,16.3503,25) (0.406581,-0.269679,-0.872906)
(-22.7171,-19.9944,25) (0.70461,0.289121,-0.648023)
(-24.9096,5.33905,25) (0.741663,0.285368,-0.607042)
(6.65729,-14.2946,25) (-0.215045,-0.967157,-0.135508)
(-24.2682,17.3143,25) (0.532119,0.120335,-0.838075)
(21.1818,-2.33739,25) (0.115899,0.499395,-0.858588)
(15.621,7.35345,25) (-0.509894,-0.824004,-0.247034)
(-17.9177,15.4733,25) (-0.944339,0.0152718,-0.328618)
(23.3654,20.3714,25) (0.175076,-0.505011,-0.84517)
(-22.6536,-12.437,25) (0.857124,-0.511319,-0.062386)
(18.4963,-2.61644,25) (-0.98827,-0.0760908,-0.132411)
(-2.87714,4.4914,25) (-0.888913,-0.360888,-0.282125)
(11.8432,-10.8838,25) (-0.952437,0.300872,-0.0483622)
(16.9683,-20.8454,25) (-0.0849065,-0.11865,-0.989299)
(-21.7534,13.0792,25) (0.195168,-0.755999,-0.6248)
(-22.2298,-9.81654,25) (0.681449,0.000571381,-0.731865)
(-19.2909,4.07902,25) (0.986496,0.159417,-0.0375747)
(8.82055,13.3779,25) (-0.175763,0.753642,-0.633349)
(12.5785,21.8147,25) (0.903437,-0.0978761,-0.417399)
(-0.0764488,-13.5632,25) (0.0884087,-0.967479,-0.236998)
(11.0286,-11.4804,25) (-0.957722,0.239034,-0.160097)
(5.82209,-5.95454,25) (0.109239,0.907241,-0.406177)
(12.5182,-9.54729,25) (0.0618003,-0.993807,-0.0923447)
(-9.37117,18.509,25) (-0.618158,-0.638774,-0.458092)
(-17.2073,-3.50458,25) (0.426402,-0.902278,-0.0638467)
(-14.0507,-8.1363,25) (0.940854,-0.292931,-0.170248)
(22.0907,2.64891,25) (0.995334,-0.0864169,-0.0429307)
(23.3594,3.50109,25) (0.303202,-0.0267645,-0.952551)
(-19.7644,-1.68285,25) (0.358961,-0.765135,-0.534523)
(18.9849,18.5005,25) (0.0429875,0.994965,-0.0905374)
(-11.2782,7.90189,25) (-0.986156,0.0989518,-0.13306)
(-3.27202,-23.0988,25) (-0.33688,-0.915905,-0.218245)
(-20.4489,-10.1354,25) (0.517552,-0.850142,-0.0969466)
(-22.8889,24.9921,25) (0.897741,-0.346553,-0.271958)
(-18.3311,3.84849,25) (0.054515,0.828579,-0.557212)
(0.924256,-17.0938,25) (-0.834854,-0.0613261,-0.547044)
(-11.6648,-20.5728,25) (-0.136364,0.594327,-0.792578)
(17.4923,10.7856,25) (0.937163,0.0499215,-0.345303)
(-11.4292,8.99789,25) (-0.635755,-0.599114,-0.486702)
(24.9548,-12.5575,25) (0.075594,-0.905486,-0.417589)
(18.0403,10.2041,25) (-0.0364985,0.943472,-0.329436)
(-11.3982,18.2016,25) (0.636278,0.639041,-0.432177)
(-21.9716,-14.2459,25) (-0.546788,0.504137,-0.668482)
(-7.18698,20.6071,25) (-0.115242,-0.962848,-0.244218)
(12.8581,-3.21557,25) (-0.175904,-0.581153,-0.794556)
(19.067,-18.1228,25) (-0.717856,0.360711,-0.595458)
(-9.66259,-15.9627,25) (0.86634,0.29543,-0.40271)
(-18.6139,12.5054,25) (0.0787299,0.967482,-0.240374)
(-17.8205,0.185856,25) (-0.448209,-0.373819,-0.812014)
(4.48997,13.9499,25) (0.0791239,0.886022,-0.456842)
(-11.87,-8.55269,25) (-0.586637,-0.411335,-0.69761)
(7.92867,8.95665,25) (0.550388,-0.155998,-0.820206)
(-10.3454,-9.9112,25) (-0.0628859,-0.121982,-0.990538)
(10.3135,1.2907,25) (0.829858,0.55247,-0.0781783)
(-12.9964,13.5983,25) (0.717567,0.327018,-0.614945)
(-10.5236,3.37358,25) (-0.957408,0.0115358,-0.28851)
(-6.99608,21.0079,25) (0.0847005,0.590607,-0.802502)
(-13.2493,8.16982,25) (0.86612,0.180224,-0.466213)
(-2.94157,9.19444,25) (0.529808,0.759559,-0.377326)
(-21.7098,-2.92001,25) (0.560037,-0.797075,-0.225898)
(-6.85818,1.24051,25) (-0.447831,0.731582,-0.514038)
(15.9491,-5.03408,25) (0.359861,0.806721,-0.468723)
(12.612,9.74093,25) (-0.56282,0.266491,-0.782443)
(5.53048,4.81082,25) (0.406326,0.20976,-0.889325)
(12.377,-5.28622,25) (0.0603872,-0.841352,-0.537104)
(-9.73446,-5.29702,25) (0.833669,-0.12999,-0.536749)
(-11.6337,-20.8717,25) (-0.828446,-0.176673,-0.531473)
(-9.58329,4.53269,25) (-0.968657,-0.229723,-0.0945019)
(12.6837,-22.3782,25) (0.578919,0.812556,-0.0678699)
(-15.9786,19.0377,25) (-0.260594,0.729807,-0.632038)
(-22.4509,16.155,25) (0.478435,-0.831779,-0.281502)
(0.273393,-5.88739,25) (-0.0351688,-0.628472,-0.777036)
(9.74473,7.14378,25) (-0.755881,0.650396,-0.0750247)
(-21.3712,-20.9947,25) (-0.0373542,0.341699,-0.939067)
(23.6353,-13.7703,25) (-0.203425,0.113912,-0.972441)
(-12.6475,21.352,25) (0.778136,0.0129907,-0.627962)
(20.2627,0.495836,25) (0.227759,-0.916806,-0.328014)
(1.26081,17.3898,25) (-0.643261,0.136396,-0.7534)
(-1.56223,-16.9355,25) (-0.0384301,0.994939,-0.0928384)
(0.307687,17.0274,25) (0.755414,-0.651816,-0.0669703)
(0.0828576,-13.2968,25) (-0.970477,-0.0191768,-0.240431)
(-7.24321,4.94567,25) (0.990987,0.114401,-0.0696977)
(-13.4596,-4.07233,25) (-0.856044,-0.43857,-0.273578)
(-18.3352,-0.675329,25) (0.84099,-0.30836,-0.444578)
(-1.12441,-4.52296,25) (-0.821365,-0.145941,-0.551417)
(-21.2024,-24.7176,25) (0.380778,0.401698,-0.832854)
(5.87117,9.42503,25) (-0.587706,-0.808398,-0.0330725)
(3.63432,-11.2199,25) (0.549129,0.754658,-0.359095)
(21.2435,1.21235,25) (0.529439,-0.820463,-0.215721)
(-9.86534,2.95634,25) (0.236104,-0.483858,-0.842696)
(3.07182,-10.4251,25) (0.656368,-0.129194,-0.743297)
(-9.62591,-6.14307,25) (0.324242,0.81598,-0.478586)
(-9.37172,10.501,25) (-0.130876,0.973362,-0.188249)
(1.70077,17.3465,25) (-0.469972,-0.446375,-0.761496)
(20.8601,-12.2814,25) (0.57782,-0.456754,-0.676388)
(-6.53317,-16.0471,25) (-0.514796,0.655048,-0.55308)
(-12.7849,22.9761,25) (0.66689,0.0747527,-0.741397)
(-24.5842,13.0699,25) (0.818793,0.161733,-0.550837)
(-22.6122,-16.8079,25) (0.0747453,0.996058,-0.0477664)
(23.6204,-23.9382,25) (0.033763,-0.739043,-0.672811)
(-23.365,-20.4441,25) (0.929068,-0.348819,-0.123115)
(-2.71739,-24.7086,25) (0.332683,0.238732,-0.912321)
(20.0785,-13.7201,25) (0.555983,0.814304,-0.166707)
(-5.32128,3.05402,25) (-0.12058,-0.833691,-0.538905)
(12.5047,-14.9882,25) (0.767472,0.584365,-0.263636)
(-10.9183,7.60388,25) (0.628391,-0.734566,-0.256005)
(14.6226,-4.72629,25) (0.0905129,0.519802,-0.849478)
(24.9493,-3.43291,25) (-0.735785,0.603217,-0.307813)
(-22.5352,-19.2106,25) (-0.50805,-0.0565637,-0.859468)
(18.6235,9.9505,25) (-0.64816,-0.761489,-0.00481483)
(16.274,24.6898,25) (0.95433,-0.216506,-0.205863)
(21.5706,3.38204,25) (-0.635926,-0.765128,-0.100885)
(18.0536,-4.50119,25) (0.690221,-0.67382,-0.263745)
(8.53622,-11.1984,25) (0.77029,-0.224477,-0.596878)
(-13.0693,-3.65094,25) (-0.0735162,-0.589246,-0.804602)
(18.9294,-2.4921,25) (-0.736654,-0.451175,-0.503768)
(-6.61567,-1.28205,25) (-0.384312,0.115104,-0.916)
(-18.5926,-5.23191,25) (-0.88939,-0.31302,-0.333173)
(21.2814,-0.833652,25) (-0.853837,-0.518941,-0.0407628)
(5.07976,-12.9107,25) (-0.641532,0.0157394,-0.766935)
(10.1286,7.58716,25) (0.690117,0.122195,-0.713307)
(12.629,19.8517,25) (-0.0356485,-0.344982,-0.937932)
(19.5778,24.7668,25) (0.542069,-0.33855,-0.76912)
(14.5128,5.68327,25) (-0.549939,0.824438,-0.133675)
(14.8164,-0.614282,25) (0.298529,-0.89413,-0.333786)
(-19.4576,6.73245,25) (-0.126189,-0.628349,-0.767629)
(17.5982,12.134,25) (-0.024678,-0.876982,-0.47989)
(-3.84854,-24.9742,25) (0.984173,-0.0296484,-0.174715)
(-13.9643,-23.8971,25) (0.642102,0.307178,-0.702386)
(12.8011,-3.97247,25) (0.386413,-0.174686,-0.905632)
(-7.4565,-16.14,25) (-0.919403,0.00138013,-0.393313)
(7.96416,21.2224,25) (0.160101,-0.978881,-0.127119)
(21.8396,4.21344,25) (0.154078,-0.030287,-0.987594)
(22.1975,-1.62715,25) (0.324571,0.737376,-0.592394)
(5.13021,-5.68439,25) (-0.417777,-0.410096,-0.81073)
(13.0934,19.5553,25) (-0.510442,-0.856467,-0.0768928)
(8.57928,-23.2919,25) (-0.146296,-0.564554,-0.812328)
(-12.101,9.59917,25) (-0.382542,0.853765,-0.353194)
(-5.27266,-17.8413,25) (-0.811467,-0.33196,-0.480962)
(-2.81898,13.8543,25) (0.10475,0.404939,-0.908324)
(-23.7454,-12.3397,25) (0.58479,0.63602,-0.503488)
(-17.5651,-2.26804,25) (0.408916,-0.852027,-0.326859)
(24.6193,-7.28224,25) (0.383198,-0.918571,-0.0968845)
(-21.7888,-3.15579,25) (0.493701,-0.0124958,-0.869542)
(7.55086,4.8932,25) (-0.920953,0.14608,-0.361256)
(4.88595,-6.60486,25) (-0.569118,-0.596283,-0.566172)
(22.8873,23.7148,25) (-0.669887,0.0172248,-0.742263)
(16.9418,16.1544,25) (-0.767161,-0.616969,-0.17554)
(7.31418,-0.088071,25) (0.156474,-0.749848,-0.642841)
(10.3639,9.54736,25) (-0.0859108,-0.18637,-0.978716)
(19.5545,22.3044,25) (0.373081,-0.100921,-0.922294)
(-10.5654,16.8433,25) (-0.0240605,-0.859356,-0.510811)
(-9.60972,6.22456,25) (-0.75458,-0.141403,-0.640792)
(17.599,-14.0029,25) (-0.531356,0.841551,-0.0972222)
(-11.0624,3.03595,25) (-0.272198,-0.31169,-0.910361)
(16.0055,-0.642129,25) (0.734858,0.338756,-0.587562)
(-16.0573,22.2754,25) (-0.699198,-0.0796148,-0.710481)
(-10.9959,13.8593,25) (0.436539,0.0850306,-0.895658)
(-23.1177,11.3308,25) (0.421994,-0.0776428,-0.903268)
(9.57198,-5.85695,25) (0.501396,-0.832031,-0.237331)
(-10.0259,-2.94398,25) (-0.23364,-0.347076,-0.908268)
(-11.3572,11.2326,25) (-0.328035,0.559442,-0.761195)
(13.3782,8.79094,25) (-0.375891,-0.567207,-0.732791)
(14.1309,-20.5351,25) (-0.74162,-0.226999,-0.631246)
(-10.8604,7.14633,25) (-0.320103,-0.556443,-0.76675)
(13.6298,-4.45823,25) (-0.727357,0.430773,-0.534215)
(-7.85946,23.2304,25) (0.720865,-0.408631,-0.559799)
(13.5175,23.8638,25) (-0.105831,-0.622485,-0.775444)
(4.86417,-23.3813,25) (0.46682,0.883792,-0.0314775)
(-14.5769,1.46818,25) (-0.701331,-0.343223,-0.624765)
(-13.7003,-20.6262,25) (-0.266726,-0.344542,-0.900082)
(-21.0729,18.6184,25) (0.428255,0.827307,-0.363538)
(-18.2282,8.71582,25) (-0.586536,-0.674669,-0.448104)
(18.0029,1.15396,25) (-0.0813702,0.57472,-0.814294)
(-24.3893,24.9395,25) (-0.738712,0.671287,-0.0606396)
(23.9491,-5.42027,25) (-0.468106,0.85125,-0.237169)
(-24.2181,24.6875,25) (-0.234778,0.93652,-0.260403)
(4.36033,8.31473,25) (-0.60174,-0.741367,-0.297124)
(-12.6458,-11.3558,25) (0.0277582,-0.126028,-0.991638)
(16.9248,-16.992,25) (0.592713,-0.799765,-0.0952215)
(3.1268,-20.0961,25) (-0.996951,-0.00737344,-0.0776833)
(-0.968634,-6.62314,25) (0.523247,0.835841,-0.16608)
(21.3284,-0.563203,25) (0.323002,0.233685,-0.917094)
(-13.5132,-22.8948,25) (-0.661981,-0.74952,-0.000655174)
(-4.12973,-8.23472,25) (0.825011,-0.449596,-0.342374)
(6.13585,9.52312,25) (-0.0455635,0.645593,-0.762321)
(-16.8625,11.5554,25) (-0.500249,-0.0806645,-0.862116)
(-4.12895,1.62541,25) (-0.462636,0.198121,-0.864127)
(2.98083,-14.2712,25) (-0.831843,-0.206841,-0.515028)
(-6.8082,-18.2674,25) (0.416586,-0.889637,-0.18709)
(-24.2853,-2.3062,25) (0.466888,-0.0253894,-0.883952)
(-11.9766,6.73857,25) (0.839674,-0.322187,-0.4372)
(0.460103,-12.6919,25) (-0.00258772,-0.0557022,-0.998444)
(-21.6365,6.42527,25) (0.0159517,-0.995041,-0.0981746)
(0.598041,6.32992,25) (-0.908782,0.243145,-0.33911)
(3.33638,9.67222,25) (-0.667842,0.365212,-0.648543)
(-23.4028,-10.8739,25) (-0.927428,0.315493,-0.200852)
(10.5604,-9.0053,25) (0.707576,0.624593,-0.330485)
(19.5794,13.8793,25) (0.771611,0.39285,-0.500285)
(21.6269,-3.17702,25) (-0.0116754,-0.636468,-0.771215)
(-12.9112,6.61784,25) (-0.14316,-0.776106,-0.614137)
(-4.85843,-14.3521,25) (0.731613,-0.0436846,-0.680319)
(-17.9797,-4.83453,25) (-0.0676198,-0.313907,-0.947043)
(-21.8101,14.4063,25) (-0.498647,-0.782084,-0.373759)
(-12.9296,10.9966,25) (0.591941,-0.55519,-0.584269)
(-18.2048,-5.11278,25) (0.279158,-0.935713,-0.215665)
(-23.6332,-17.7209,25) (-0.624085,-0.622037,-0.47285)
(14.9991,15.7758,25) (0.619272,0.749057,-0.235406)
(-12.7018,-17.3589,25) (-0.62016,0.732783,-0.280055)
(1.25223,1.64223,25) (0.572082,0.101353,-0.81391)
(-22.4841,23.7048,25) (0.243896,0.0514948,-0.968433)
(-23.1987,20.7986,25) (0.544551,0.820898,-0.172018)
(0.0212865,4.50163,25) (-0.273601,-0.960838,-0.0439729)
(3.64249,-1.74635,25) (0.716483,-0.568726,-0.403985)
(-11.771,-23.8058,25) (0.74505,0.536808,-0.395902)
(-3.86689,11.945,25) (-0.570592,-0.158651,-0.805764)
(2.17006,-6.0954,25) (-0.712135,-0.230921,-0.662977)
(-17.0237,-18.0298,25) (0.134019,0.429323,-0.893152)
(-15.3327,-23.5358,25) (0.922788,-0.357486,-0.143761)
(8.28538,-18.8566,25) (0.862217,-0.487909,-0.136115)
(-1.83272,-15.5512,25) (0.723276,-0.671073,-0.162887)
(11.0887,5.58065,25) (-0.442843,0.284125,-0.85039)
(22.7833,-0.526812,25) (0.339467,0.887432,-0.311812)
(5.09109,-5.99802,25) (0.355699,-0.72827,-0.585748)
(-17.4893,-15.4266,25) (0.168565,0.855064,-0.490358)
(20.7777,0.840674,25) (0.489914,-0.126911,-0.862484)
(13.3999,-18.038,25) (0.637369,-0.0456152,-0.769208)
(-11.2084,19.2515,25) (0.256568,-0.0556993,-0.96492)
(10.2003,1.90767,25) (-0.627231,-0.66777,-0.400829)
(9.69991,2.66775,25) (0.619291,0.659464,-0.42613)
(9.31693,-11.1745,25) (0.520491,0.264576,-0.811843)
(-11.3222,-23.2924,25) (-0.582179,-0.0903325,-0.808027)
(-1.37358,19.065,25) (0.120194,0.0985674,-0.987845)
(-23.5678,10.281,25) (-0.387998,-0.784309,-0.484062)
(13.6002,-15.8201,25) (0.55404,0.670938,-0.492831)
(14.7674,-1.13235,25) (0.219395,0.812863,-0.539555)
(-6.37577,-11.0659,25) (0.880727,0.323246,-0.346166)
(0.589347,22.6267,25) (-0.267058,-0.501652,-0.822815)
(2.85947,3.61091,25) (-0.609532,0.226505,-0.759714)
(0.376036,23.9452,25) (-0.459293,-0.438682,-0.772404)
(19.1412,-24.3998,25) (0.379387,-0.610875,-0.694908)
(-13.8485,10.5788,25) (0.968777,-0.13974,-0.2048)
(19.5873,15.6893,25) (0.675091,-0.733944,-0.0746918)
(9.82522,-24.0686,25) (-0.552615,0.261595,-0.791318)
(18.3821,-0.832037,25) (0.269042,0.684392,-0.677661)
(-5.69143,-7.19885,25) (0.296003,-0.774532,-0.559001)
(21.9431,22.9864,25) (-0.461377,0.371486,-0.805685)
(17.6437,-10.9597,25) (-0.485993,-0.583103,-0.651)
(19.8945,-21.1568,25) (0.788159,0.609911,-0.0825468)
(12.0954,-20.0404,25) (-0.402855,-0.283125,-0.870372)
(16.9865,-17.8001,25) (-0.11364,-0.944227,-0.309065)
(-22.2839,-17.1846,25) (0.977003,0.211154,-0.0296486)
(9.40796,4.59115,25) (-0.755343,0.553935,-0.350161)
(8.1085,-3.34661,25) (0.761347,-0.646673,-0.0465154)
(6.12517,10.2226,25) (0.887619,0.0831345,-0.453014)
(13.4836,6.01759,25) (-0.564382,0.280227,-0.776496)
(11.1272,16.2846,25) (0.826022,-0.46931,-0.312147)
(21.9196,-9.27135,25) (-0.548905,0.226786,-0.804532)
(11.8808,-24.7265,25) (0.0966717,0.361943,-0.927174)
(15.3777,-8.53823,25) (0.189913,-0.680829,-0.707394)
(16.3482,-0.0613093,25) (0.287143,-0.748197,-0.598123)
(6.99918,21.7402,25) (-0.235583,0.933684,-0.269694)
(-1.74186,-12.6699,25) (0.877402,-0.472191,-0.0848555)
(23.503,0.316866,25) (-0.822788,-0.413441,-0.389982)
(-20.6505,-18.1619,25) (0.471971,-0.510714,-0.71862)
(8.04029,6.14514,25) (0.0288593,-0.927246,-0.373338)
(1.24187,16.7832,25) (0.63863,0.597,-0.485534)
(13.0698,-18.1313,25) (0.924281,-0.114352,-0.364181)
(10.7529,20.4738,25) (0.68309,-0.218559,-0.696864)
(3.16893,11.1714,25) (-0.546037,0.187352,-0.816543)
(-2.7398,-8.32532,25) (0.711068,0.121671,-0.692515)
(-8.43213,-13.6997,25) (0.802209,-0.595918,-0.0366336)
(13.9148,-7.63921,25) (-0.280752,-0.958467,-0.0501838)
(-8.90234,-11.8897,25) (0.740501,0.380014,-0.554299)
(24.7582,5.13764,25) (-0.93189,-0.0591686,-0.357882)
(-24.1582,-22.259,25) (-0.483037,0.86438,-0.139723)
(-24.8469,-9.22866,25) (-0.300442,-0.892661,-0.335993)
(16.1295,-1.93493,25) (0.260528,-0.964695,-0.0385906)
(21.2342,1.97724,25) (-0.981953,0.0555761,-0.180773)
(-22.041,-6.16648,25) (0.385932,-0.864243,-0.322709)
(13.0931,-9.7394,25) (-0.468461,0.298805,-0.831421)
(6.99484,21.7742,25) (0.159626,-0.96538,-0.206303)
(21.804,-17.4757,25) (0.19929,-0.56195,-0.802805)
(9.08783,-21.9374,25) (0.408909,0.0719042,-0.909738)
(1.68792,-0.922921,25) (-0.253528,0.887346,-0.38515)
(-20.5743,-13.954,25) (-0.128076,-0.813454,-0.567353)
(-19.428,12.8494,25) (-0.545122,-0.00853134,-0.838313)
(5.54432,-14.1951,25) (-0.00623092,0.444599,-0.895708)
(-2.67666,-6.61366,25) (0.330001,0.00120954,-0.94398)
(18.615,8.61285,25) (-0.354998,-0.435009,-0.827492)
(-8.25369,-16.4006,25) (0.668063,-0.00830223,-0.744058)
(-12.7724,14.2901,25) (-0.577048,0.800628,-0.161276)
(-21.7379,-5.70148,25) (-0.924231,0.311876,-0.220296)
(23.0777,0.464639,25) (0.32072,0.0192816,-0.946978)
(-10.3623,-1.04849,25) (0.609045,0.656732,-0.444709)
(3.12141,20.3716,25) (-0.3919,-0.47747,-0.786408)
(3.28775,-6.15045,25) (0.265969,-0.962004,-0.0617107)
(-6.91765,9.67914,25) (-0.000800085,0.885859,-0.463953)
(-13.1221,-15.294,25) (-0.984011,0.172193,-0.0455188)
(1.9586,0.517988,25) (0.24892,-0.876416,-0.41223)
(-15.5111,0.702844,25) (-0.653691,0.303112,-0.693405)
(-9.52117,6.81665,25) (0.175334,0.98412,-0.0276718)
(1.10115,-12.2268,25) (-0.885423,0.305418,-0.350352)
(-13.6499,-13.8332,25) (-0.529472,0.208385,-0.822335)
(4.96042,15.2493,25) (-0.117021,-0.626001,-0.770992)
(-20.3265,-24.7003,25) (-0.218789,-0.65442,-0.723786)
(-20.2424,10.5041,25) (0.79668,-0.563759,-0.217892)
(-7.23436,-2.05659,25) (0.683894,0.306679,-0.661994)
(11.1975,6.82442,25) (-0.85825,0.0895841,-0.505354)
(6.61267,11.4625,25) (0.486262,0.312793,-0.815911)
(-24.3438,6.90426,25) (0.797118,-0.587353,-0.14007)
(18.6926,-4.02484,25) (0.699347,0.081529,-0.710117)
(-3.49793,-11.9124,25) (0.789372,0.454244,-0.412981)
(-14.1355,-8.52086,25) (-0.975924,-0.218011,-0.00664317)
(12.7367,-24.4171,25) (-0.660362,0.154711,-0.734838)
(-20.5572,-1.62641,25) (-0.147686,-0.287372,-0.946365)
(18.4535,16.2165,25) (-0.513395,0.165609,-0.842021)
(16.6694,-2.02205,25) (-0.206066,-0.154321,-0.966293)
(-6.23979,5.45508,25) (-0.395469,-0.308558,-0.865099)
(4.45739,14.7286,25) (-0.545768,-0.132475,-0.827398)
(-5.82384,-8.98712,25) (0.998631,-0.0344341,-0.039383)
(-15.8873,6.61642,25) (-0.545847,-0.376717,-0.748422)
(-17.3763,-5.08923,25) (-0.713851,0.467598,-0.521314)
(20.1607,24.0656,25) (0.525872,0.571646,-0.629826)
(-24.6231,-7.43114,25) (0.345792,-0.230742,-0.909498)
(-11.3209,0.907071,25) (0.0972472,0.782396,-0.615141)
(8.69638,-7.61467,25) (0.967296,0.250472,-0.0400257)
(-18.9602,11.563,25) (-0.368945,-0.910465,-0.186904)
(-16.1978,7.51381,25) (0.701401,0.493897,-0.513909)
(-20.6636,19.5445,25) (-0.936224,0.227914,-0.267468)
(3.69234,1.77068,25) (-0.199933,0.894981,-0.398794)
(-6.20764,17.6046,25) (0.0581548,-0.821876,-0.56669)
(14.8643,-17.9074,25) (-0.726327,-0.68728,-0.00975799)
(-23.5534,10.7547,25) (-0.197066,-0.932321,-0.303221)
(-14.7804,0.145679,25) (0.427716,-0.896453,-0.115893)
(12.9939,-7.05081,25) (-0.726282,0.372177,-0.577927)
(-16.0167,20.1709,25) (-0.617686,-0.514569,-0.594713)
(12.2686,-1.28227,25) (-0.0447367,0.546156,-0.836488)
(8.75794,-21.7786,25) (-0.666337,-0.745634,-0.00507163)
(7.93657,-8.738,25) (0.41277,0.249316,-0.876049)
(-23.2209,19.5187,25) (-0.914682,-0.399934,-0.05839)
(-17.8603,-21.8097,25) (0.401469,0.13444,-0.905952)
(-13.1025,4.98593,25) (0.250497,-0.274688,-0.928331)
(-12.6933,-2.7096,25) (0.0301165,-0.708023,-0.705547)
(-20.36,7.63282,25) (0.672601,-0.313352,-0.670387)
(23.9632,20.6695,25) (0.964526,-0.234852,-0.120561)
(1.00774,24.4565,25) (-0.0126879,0.953719,-0.300431)
(-6.80746,17.1775,25) (0.528908,-0.261629,-0.807346)
(17.3802,13.8495,25) (0.515596,-0.142081,-0.844969)
(-24.355,-7.78989,25) (0.0462199,0.119108,-0.991805)
(3.13328,-18.1876,25) (0.601662,0.143195,-0.785811)
(12.0681,9.19796,25) (-0.853316,0.43161,-0.292515)
(20.011,-5.54441,25) (0.389569,-0.786441,-0.479318)
(-10.5091,-14.0302,25) (0.375197,0.822773,-0.426933)
(-6.18627,4.44736,25) (-0.980902,-0.10413,-0.16428)
(0.360644,-0.65101,25) (-0.573907,0.814965,-0.080391)
(-16.6737,5.38041,25) (0.775399,0.631406,-0.0090729)
(21.6718,-4.27809,25) (0.668411,-0.743454,-0.0224383)
(2.25879,-7.58162,25) (0.188873,-0.792144,-0.580375)
(19.6352,5.9538,25) (0.218423,0.910095,-0.352161)
(17.4985,-17.6735,25) (0.506166,0.111851,-0.855152)
(12.4503,-10.8973,25) (-0.324934,0.942972,-0.0722602)
(-8.0886,12.1286,25) (0.705775,-0.560453,-0.433328)
(-19.3844,17.5746,25) (-0.293505,-0.807027,-0.512409)
(-10.3208,-16.4852,25) (0.555619,0.479123,-0.679506)
(4.89151,9.54086,25) (-0.493993,0.836267,-0.237968)
(-17.4499,11.1456,25) (-0.360898,0.609971,-0.70547)
(-22.4356,11.6884,25) (0.756019,0.234835,-0.610973)
(7.16628,-19.5594,25) (-0.124014,-0.457876,-0.880324)
(-17.0727,-15.322,25) (0.801489,0.172807,-0.572498)
(-8.64441,-16.6124,25) (-0.468723,-0.579995,-0.666261)
(-1.28992,22.1699,25) (0.578802,0.10822,-0.808255)
(-22.7715,-13.7502,25) (0.905138,-0.419876,-0.0665534)
(7.83584,-3.19169,25) (0.316352,0.198015,-0.927746)
(-8.73755,14.6843,25) (0.0491131,-0.368686,-0.928256)
(20.2838,-18.6288,25) (0.710399,-0.70124,-0.0599565)
(-11.5827,23.6051,25) (0.679629,-0.656474,-0.327332)
(9.33564,-1.09548,25) (0.826226,0.0192596,-0.563009)
(12.3979,-19.8126,25) (-0.641906,-0.693196,-0.327775)
(-2.76443,7.60065,25) (0.300358,-0.952546,-0.0494041)
(20.7357,-14.2054,25) (0.775517,0.252882,-0.578466)
(24.0344,14.0221,25) (-0.106577,0.691325,-0.714641)
(-14.994,9.20517,25) (-0.695038,0.718903,-0.0100633)
(-19.7685,-12.6713,25) (-0.119089,0.758528,-0.640667)
(10.6977,-8.74272,25) (-0.202988,-0.0380365,-0.978442)
(-17.0085,-3.23632,25) (-0.953027,-0.00652969,-0.302816)
(-23.2254,-18.631,25) (-0.6349,0.135382,-0.76064)
(9.50342,3.77836,25) (-0.918313,-0.308508,-0.248041)
(-21.3719,4.43644,25) (-0.796876,-0.190461,-0.573335)
(-7.4187,-17.0997,25) (-0.255341,-0.360075,-0.8973)
(-6.91846,15.5915,25) (0.438726,-0.416513,-0.796264)
(-19.1441,14.8367,25) (0.587273,-0.19385,-0.785832)
(-22.5484,-6.97169,25) (-0.818868,0.488015,-0.302155)
(-15.9805,3.0946,25) (0.366527,0.0394201,-0.929572)
(5.29233,24.7138,25) (0.0743679,0.845822,-0.528256)
(2.16945,14.2354,25) (0.254626,0.484109,-0.83714)
(-22.7749,-21.2878,25) (0.626049,-0.722087,-0.294371)
(3.72101,19.8345,25) (-0.0557393,-0.951948,-0.301143)
(-22.472,1.67166,25) (-0.98014,-0.185494,-0.0701295)
(16.5761,-7.01828,25) (-0.417944,0.131684,-0.898878)
(19.8211,-10.758,25) (0.125948,-0.991308,-0.0380122)
(-4.19238,2.95019,25) (0.0943008,-0.570848,-0.815623)
(-2.8056,7.26035,25) (0.593238,0.734379,-0.329782)
(5.75118,-14.6128,25) (-0.608705,0.182832,-0.772043)
(7.23846,18.7907,25) (-0.215488,-0.954249,-0.207302)
(-4.58504,-16.6841,25) (0.902411,0.421911,-0.0874349)
(-5.22194,0.818733,25) (0.729154,0.5309,-0.431832)
(-11.7997,-6.54584,25) (0.751763,0.247841,-0.611087)
(15.9667,-2.89776,25) (0.478315,-0.835847,-0.269397)
(21.1322,18.5746,25) (-0.610553,0.711077,-0.348703)
(-3.46341,-5.20018,25) (-0.636496,0.572443,-0.516896)
(8.91391,16.7054,25) (-0.836991,0.488248,-0.247102)
(2.09263,-22.2983,25) (0.156363,-0.82674,-0.540418)
(-6.41584,22.741,25) (-0.254455,-0.5007,-0.827376)
(3.21208,10.608,25) (0.422797,-0.550955,-0.719507)
(-12.0939,-6.10811,25) (0.698076,-0.624549,-0.350184)
(8.42373,-10.275,25) (0.0417371,-0.997701,-0.0534003)
(-5.67534,5.43873,25) (0.888782,-0.183991,-0.419778)
(-7.03422,-14.5128,25) (0.516831,0.783155,-0.345765)
(-2.44599,2.47208,25) (0.409377,-0.900012,-0.149628)
(-22.6051,12.9886,25) (0.649346,0.733974,-0.199077)
(15.5802,-22.5369,25) (0.822014,-0.355132,-0.445168)
(11.8735,-16.6151,25) (-0.0554503,-0.709202,-0.702821)
(-24.1573,-6.74252,25) (0.348944,0.376063,-0.858379)
(24.4559,-20.6462,25) (0.55488,-0.487117,-0.674408)
(22.5008,-9.38237,25) (0.198065,-0.257876,-0.945659)
(18.7169,19.5337,25) (0.452173,0.400596,-0.796908)
(-15.1048,-13.7393,25) (-0.399585,-0.910968,-0.102316)
(4.9761,15.9158,25) (-0.912933,0.407891,-0.0133484)
(6.50921,-11.5857,25) (0.419921,-0.167253,-0.892016)
(16.5806,9.84568,25) (-0.969267,0.0582157,-0.239023)
(-14.9646,-2.68868,25) (-0.322665,-0.56842,-0.756826)
(-24.5653,16.8829,25) (-0.0640005,0.329911,-0.94184)
(10.2722,-2.96144,25) (0.983487,0.0110879,-0.180637)
(-13.9734,7.2366,25) (-0.320163,0.937237,-0.138139)
(-10.5797,-20.8999,25) (-0.0705481,-0.186633,-0.979893)
(22.9118,-20.7422,25) (0.777461,0.178537,-0.603058)
(3.66394,-22.1805,25) (0.394709,-0.360728,-0.845033)
(-20.7645,8.99964,25) (-0.392052,0.807004,-0.441633)
(11.6045,11.2857,25) (0.0168345,-0.0383505,-0.999123)
(19.8802,-16.6752,25) (-0.385696,0.873633,-0.296654)
(19.9207,13.2518,25) (0.87463,0.132446,-0.466349)
(21.8012,16.2039,25) (-0.800473,-0.178489,-0.572176)
(-5.17016,20.8982,25) (-0.742448,-0.417771,-0.523678)
(-21.7747,-6.46979,25) (0.99654,-0.00709367,-0.0828113)
(-5.26109,-7.52993,25) (0.313604,0.80297,-0.506845)
(12.2947,4.37753,25) (0.660083,-0.748509,-0.0634358)
(10.4392,6.14489,25) (-0.573471,-0.473041,-0.668852)
(10.4387,20.2432,25) (0.268371,0.763577,-0.587305)
(3.5339,14.6544,25) (0.951498,0.0389502,-0.305178)
(14.7348,-7.22686,25) (-0.226143,-0.87136,-0.435422)
(-7.19649,-16.1149,25) (-0.587111,-0.724044,-0.362025)
(-3.46582,4.4287,25) (-0.0530304,-0.00823624,-0.998559)
(3.76176,9.13233,25) (-0.203785,0.427929,-0.880539)
(-16.8388,-20.7932,25) (-0.105642,0.785893,-0.609272)
(-24.8464,22.6529,25) (0.331523,-0.829881,-0.448764)
(-8.11989,-0.817579,25) (0.840328,0.471806,-0.266924)
(8.00619,17.3062,25) (0.221407,-0.15796,-0.962303)
(3.73661,17.9679,25) (0.48535,-0.829479,-0.276407)
(6.98427,-13.7614,25) (0.444843,0.728699,-0.520685)
(23.5764,-21.9571,25) (0.302093,0.277748,-0.911919)
(1.47603,15.3328,25) (0.478246,0.764343,-0.432504)
(23.745,23.5817,25) (0.783084,-0.490181,-0.382755)
(-11.8806,-10.436,25) (-0.532528,-0.492873,-0.688106)
(15.4433,21.4797,25) (0.771324,0.370038,-0.517814)
(22.6932,13.2713,25) (-0.68139,-0.702746,-0.204585)
(-7.15832,23.1583,25) (-0.811892,-0.327139,-0.48354)
(5.93276,-12.5516,25) (-0.98389,0.168979,-0.0583595)
(3.56078,-4.65648,25) (-0.387852,0.128955,-0.912656)
(10.1214,-23.1092,25) (0.631861,0.672649,-0.385091)
(-12.9496,-9.49901,25) (0.0886408,0.838078,-0.538301)
(-1.82062,-11.8262,25) (0.0153789,0.948291,-0.31703)
(13.5188,-4.5811,25) (-0.902888,-0.429392,-0.0203807)
(-13.5818,-5.61203,25) (-0.54655,0.0400011,-0.836471)
(-23.7092,-16.6279,25) (-0.532899,-0.682337,-0.500434)
(0.689338,-0.161891,25) (-0.279228,0.314663,-0.907204)
(12.7176,-0.982095,25) (-0.932465,0.356127,-0.0606889)
(6.29878,-23.598,25) (0.533473,-0.453484,-0.713974)
(-21.6156,17.6001,25) (-0.730116,0.119775,-0.672744)
(11.7465,24.9555,25) (0.878496,0.292806,-0.377504)
(5.16837,18.7661,25) (0.707828,-0.702014,-0.0784525)
(-11.8198,19.8921,25) (0.0571046,-0.89551,-0.441363)
(11.4998,-8.13415,25) (-0.0160574,-0.735275,-0.677579)
(-11.2049,-24.9464,25) (0.204147,0.372848,-0.905156)
(-20.0867,10.2036,25) (0.227258,-0.75735,-0.612188)
(-6.27336,-18.2452,25) (-0.0615666,-0.154657,-0.986048)
(12.3396,-7.23365,25) (0.515159,-0.785698,-0.342475)
(-17.6987,-22.1106,25) (-0.510733,0.833584,-0.210452)
(-0.395763,-18.1382,25) (0.600347,0.0370868,-0.798879)
(0.599859,19.926,25) (0.231666,0.966326,-0.112005)
(-13.3585,-9.23857,25) (0.865437,0.241651,-0.438888)
(-17.1742,12.4953,25) (0.465139,-0.760618,-0.452887)
(13.35,-3.08885,25) (-0.560259,-0.712613,-0.422247)
(-7.92876,-4.02854,25) (-0.350505,0.935515,-0.0442524)
(-8.98409,12.0973,25) (0.726252,0.552207,-0.40942)
(22.4411,-16.2844,25) (0.634795,-0.346772,-0.690496)
(21.5926,-3.38321,25) (0.351685,-0.935591,-0.0314304)
(-10.9193,19.3169,25) (-0.438134,0.719177,-0.53928)
(-17.3186,5.17092,25) (0.166142,0.985738,-0.0267735)
(-21.2083,0.316952,25) (0.206878,0.950764,-0.23076)
(21.1929,-14.2611,25) (-0.569908,0.248825,-0.783129)
(10.2906,-3.18852,25) (-0.00694516,0.998327,-0.0573964)
(19.3562,-19.1953,25) (0.56721,0.192258,-0.800818)
(-7.57816,-21.2708,25) (-0.715677,0.194822,-0.67071)
(-7.29515,-24.8312,25) (0.791215,0.594035,-0.145265)
(5.80038,-20.789,25) (0.784285,0.103613,-0.611687)
(-2.41517,19.5758,25) (-0.802659,0.595351,-0.0360022)
(13.7457,18.1864,25) (-0.735831,0.391132,-0.552783)
(13.1315,2.17892,25) (-0.741151,-0.66439,-0.0963371)
(-1.9146,2.60737,25) (0.605833,0.0530038,-0.793824)
(19.21,-21.3426,25) (0.559706,-0.521796,-0.643784)
(-2.34406,-20.4537,25) (0.781593,-0.582602,-0.222907)
(12.8635,15.9921,25) (-0.876725,0.292506,-0.381829)
(-11.1734,21.7426,25) (0.941836,0.0123434,-0.335847)
(-20.2959,10.1762,25) (-0.483113,-0.670252,-0.563351)
(-17.9848,19.4825,25) (-0.272949,-0.0541994,-0.960501)
(20.0255,21.8604,25) (0.826862,0.552011,-0.107623)
(4.29684,23.4122,25) (0.732812,0.677367,-0.0645017)
(2.26386,10.0224,25) (0.915514,0.0455107,-0.399703)
(-14.165,13.6112,25) (0.981347,0.030885,-0.189749)
(-18.4233,6.9367,25) (0.822755,0.562939,-0.0785684)
(-14.5965,16.3364,25) (0.310926,0.456109,-0.83384)
(3.12239,-16.3238,25) (0.0267917,0.578388,-0.815322)
(-0.0467553,16.3406,25) (-0.779638,0.621282,-0.0785702)
(11.6979,12.6027,25) (-0.556381,-0.269533,-0.785998)
(-15.5368,-5.42867,25) (0.617241,-0.536877,-0.575132)
(-19.2489,-6.57301,25) (0.256995,-0.940624,-0.221766)
(19.2082,-18.3744,25) (0.112267,-0.834058,-0.540133)
(18.933,-5.49592,25) (0.335686,-0.863678,-0.375999)
(13.5066,8.14338,25) (-0.00983055,-0.999387,-0.0335932)
(-15.7975,-23.287,25) (-0.547003,0.137843,-0.825704)
(-14.1462,24.075,25) (-0.0608788,-0.0870617,-0.994341)
(24.4614,8.57574,25) (-0.618002,-0.49897,-0.607538)
(-23.1535,13.6937,25) (-0.471994,0.438488,-0.76482)
(-23.867,-4.70382,25) (0.232678,0.735728,-0.636054)
(-19.9781,0.880598,25) (0.26721,-0.956864,-0.114061)
(24.8093,-22.6158,25) (0.81941,0.48442,-0.306438)
(2.30968,24.9391,25) (-0.557727,0.207066,-0.803781)
(-1.10451,11.5593,25) (-0.98499,0.0497222,-0.165292)
(5.78502,19.5267,25) (-0.662364,0.741361,-0.10797)
(-23.0023,-20.0638,25) (0.249016,0.825233,-0.506933)
(-20.1468,-0.403477,25) (-0.811553,-0.182812,-0.554942)
(5.88991,15.2147,25) (0.542978,-0.555827,-0.629469)
(-4.66105,24.0207,25) (-0.128777,0.943842,-0.304268)
(15.561,-16.2771,25) (0.206528,0.824024,-0.527571)
(-17.2306,1.87036,25) (0.432854,-0.901092,-0.0258939)
(-9.16792,-21.5427,25) (0.515123,-0.8502,-0.108664)
(-8.0439,-18.5629,25) (-0.443112,-0.026036,-0.896088)
(-15.0308,-8.99948,25) (0.36493,-0.541305,-0.757505)
(0.677435,-22.4642,25) (0.409132,-0.85746,-0.312048)
(16.6919,12.9053,25) (-0.450995,0.832159,-0.322669)
(-17.7536,14.3703,25) (0.406393,-0.418722,-0.812106)
(-24.6217,18.6258,25) (-0.381565,0.772874,-0.507025)
(-13.6097,5.96836,25) (0.372981,0.915323,-0.151887)
(-8.72449,15.9327,25) (-0.854015,-0.186238,-0.485771)
(-11.4573,8.44896,25) (-0.651314,-0.754035,-0.0849766)
(-7.90073,-13.8129,25) (0.501079,0.110187,-0.858358)
(-13.6422,-18.9155,25) (0.264568,-0.505458,-0.821289)
(7.17154,-2.94156,25) (-0.577352,0.0379612,-0.815613)
(10.932,19.086,25) (0.695589,0.140961,-0.704475)
(16.4865,9.48988,25) (-0.44438,-0.0434653,-0.894783)
(6.76159,24.0463,25) (0.908884,0.146196,-0.390586)
(17.8761,-1.9199,25) (-0.733803,0.177379,-0.655797)
(-22.6067,-7.66773,25) (0.601209,-0.0761726,-0.795453)
(-4.43628,9.8226,25) (-0.870105,-0.462624,-0.169991)
(18.4647,24.4161,25) (0.413893,-0.847795,-0.331566)
(5.74929,17.5129,25) (-0.628815,-0.05532,-0.775584)
(11.4596,19.4588,25) (-0.539607,-0.78939,-0.292725)
(11.9181,21.9176,25) (-0.439018,-0.862902,-0.250326)
(-6.90152,21.4309,25) (-0.791283,0.341711,-0.507055)
(-24.2321,11.8848,25) (-0.919643,0.174187,-0.352017)
(13.0863,-9.73207,25) (0.743487,0.626532,-0.233848)
(8.94979,20.9819,25) (-0.170234,0.982979,-0.069089)
(6.49981,4.31102,25) (-0.899221,-0.170769,-0.402789)
(9.01299,-6.39471,25) (-0.173606,-0.724601,-0.666944)
(-17.2989,5.33682,25) (0.645135,-0.663432,-0.379022)
(9.73213,2.50774,25) (0.215473,0.64973,-0.728987)
(1.18421,-3.56402,25) (0.623836,0.501826,-0.599166)
(-10.3494,-19.4099,25) (-0.937609,0.0555743,-0.343221)
(1.04071,-4.29724,25) (-0.618545,-0.497072,-0.608541)
(15.5951,19.1013,25) (0.37993,0.811116,-0.444684)
(-17.5949,19.6742,25) (-0.411871,-0.219117,-0.884505)
(13.7846,21.8661,25) (0.16538,-0.968765,-0.184779)
(16.3757,8.08433,25) (0.884323,-0.408083,-0.226805)
(-14.1678,-5.06026,25) (0.629581,0.569363,-0.528634)
(-11.9616,-17.6641,25) (-0.749671,0.281418,-0.598996)
(13.4869,23.4618,25) (0.185589,-0.112041,-0.976219)
(-16.8003,-2.78426,25) (-0.262865,-0.964827,-0.00315761)
(-3.26939,22.9325,25) (0.0214453,-0.943534,-0.330582)
(4.16396,7.76498,25) (0.416201,-0.904867,-0.0893939)
(-14.8173,20.1717,25) (0.174145,0.960738,-0.215998)
(18.5925,-11.5743,25) (-0.265748,0.565774,-0.780563)
(18.5448,-8.96076,25) (-0.414244,0.453003,-0.789424)
(-13.7229,-5.80341,25) (-0.825143,-0.462548,-0.324327)
(12.7468,1.27249,25) (0.842696,-0.496036,-0.209314)
(-19.6866,-8.99694,25) (0.828002,0.465788,-0.312178)
(20.1171,-20.2396,25) (0.0783214,-0.899545,-0.429749)
(-5.02449,-0.917907,25) (-0.426182,-0.642709,-0.636627)
(2.10303,-18.2002,25) (0.723809,0.0794666,-0.685409)
(-21.8464,-12.8163,25) (0.178719,-0.883701,-0.432588)
(20.5577,-8.61819,25) (-0.406516,-0.151851,-0.900936)
(-7.72217,19.7725,25) (0.309541,-0.577281,-0.7556)
(3.88434,-17.4695,25) (-0.0951383,0.744994,-0.660252)
(-13.2059,13.2813,25) (-0.0384675,0.975376,-0.217169)
(-5.01416,8.5281,25) (0.249284,0.564497,-0.786893)
(11.1308,10.0658,25) (-0.863595,-0.403755,-0.301969)
(8.57684,13.1956,25) (-0.0406356,0.998977,-0.019867)
(13,-10.8749,25) (-0.538577,-0.087667,-0.838003)
(0.69314,3.00492,25) (0.663423,0.748154,-0.011608)
(14.8614,-2.93709,25) (-0.397175,0.916476,-0.0482045)
(21.9917,10.7445,25) (-0.64954,0.678005,-0.344102)
(24.2853,4.38042,25) (0.779024,0.579453,-0.239491)
(-24.4277,-19.836,25) (0.234504,-0.405499,-0.883504)
(-2.01663,8.5836,25) (0.663745,-0.745826,-0.0564483)
(19.3867,13.0097,25) (-0.781496,-0.0940055,-0.616788)
(-2.40209,23.2748,25) (-0.438977,0.0304906,-0.897981)
(15.5716,10.4224,25) (0.540084,-0.104587,-0.835088)
(16.059,-23.5306,25) (-0.408775,0.061121,-0.910586)
(19.202,-10.1938,25) (-0.936734,0.300269,-0.179909)
(9.43675,-13.0391,25) (-0.467542,-0.846346,-0.255154)
(-7.34648,12.3567,25) (-0.55054,0.380151,-0.74323)
(9.35796,-11.6308,25) (0.173127,0.984771,-0.0158984)
(3.98316,-16.2492,25) (0.878604,0.435476,-0.195997)
(19.6213,-5.39246,25) (0.0351925,0.513244,-0.857521)
(-19.1776,8.07629,25) (-0.416093,0.762909,-0.49481)
(-3.56858,-23.0136,25) (-0.19473,-0.962215,-0.190321)
(-21.576,-19.6622,25) (0.928737,-0.225654,-0.294156)
(1.11132,9.98422,25) (-0.5172,-0.805441,-0.289431)
(-13.9233,22.322,25) (0.162193,-0.613564,-0.772808)
(-7.79525,18.2254,25) (0.542227,-0.681187,-0.491909)
(22.6352,0.531803,25) (0.821501,0.554076,-0.13467)
(-2.10218,16.5206,25) (0.253502,-0.552494,-0.794032)
(-19.1036,0.0620737,25) (-0.847778,0.528014,-0.0497391)
(21.2217,-24.9679,25) (-0.14961,-0.905156,-0.397881)
(-19.8977,-8.54568,25) (0.772983,0.529506,-0.349456)
(-23.2999,-7.59284,25) (0.00604956,-0.73948,-0.673152)
(-18.2997,-16.1351,25) (-0.898948,-0.107903,-0.424558)
(8.59625,12.656,25) (-0.903335,0.260899,-0.340466)
(2.25657,-19.1757,25) (-0.261215,-0.588914,-0.764819)
(-18.2979,-9.55098,25) (-0.863486,0.307279,-0.399963)
(-17.9398,-19.0445,25) (-0.71643,-0.251582,-0.650718)
(23.8516,-24.3897,25) (-0.531182,-0.801857,-0.273625)
(-14.9643,-10.7226,25) (-0.228448,-0.969815,-0.0852699)
(7.8703,-2.29888,25) (-0.338347,-0.909808,-0.240357)
(13.9502,14.0501,25) (0.215889,0.199655,-0.955787)
(8.69293,-19.8675,25) (0.496128,0.868036,-0.0192646)
(-4.12407,-7.25731,25) (-0.145481,-0.00103584,-0.98936)
(-18.9651,-9.2076,25) (0.345455,-0.208767,-0.914919)
(-17.7992,-20.7219,25) (0.221747,-0.477935,-0.849945)
(-21.7225,-12.6286,25) (-0.704228,0.51049,-0.493419)
(7.07463,9.7551,25) (-0.177174,-0.850447,-0.495328)
(-4.79547,16.3574,25) (-0.743763,0.513817,-0.427561)
(-0.355074,-4.73601,25) (0.205818,0.510035,-0.835166)
(5.80974,-12.8632,25) (0.513122,0.801395,-0.307361)
(-15.7314,-20.5424,25) (-0.747044,-0.480511,-0.459384)
(18.4337,-2.8456,25) (0.175259,0.914031,-0.365831)
(-1.141,2.74833,25) (0.413208,0.171297,-0.894381)
(14.5394,15.3164,25) (-0.949356,-0.191252,-0.249292)
(23.561,3.01409,25) (0.46898,-0.174575,-0.865784)
(-5.19124,9.99643,25) (0.87119,0.159164,-0.464429)
(-2.19466,14.5919,25) (-0.0564772,0.979316,-0.194296)
(14.7893,-10.0435,25) (0.511997,-0.60875,-0.606038)
(6.36133,14.0497,25) (0.393714,-0.592208,-0.70305)
(13.7554,15.6439,25) (-0.266756,-0.115032,-0.956875)
(8.37256,-0.316476,25) (-0.301221,0.943636,-0.137178)
(16.0261,-17.7917,25) (0.9844,-0.158835,-0.0756901)
(-19.04,-13.7927,25) (0.168599,0.764685,-0.621958)
(18.4489,-11.8158,25) (-0.495186,-0.865214,-0.0787081)
(11.8512,-4.16421,25) (-0.0959276,0.920089,-0.379781)
(-11.7822,-12.3739,25) (-0.124463,-0.592176,-0.796139)
(8.06935,-0.316198,25) (0.415884,0.9085,-0.0408438)
(12.0271,-8.64488,25) (-0.740249,-0.672333,-0.000166969)
(-7.83056,10.7559,25) (-0.152939,0.823963,-0.545614)
(-16.9825,19.4492,25) (-0.893969,-0.0709061,-0.442483)
(-5.94318,-0.553077,25) (0.716641,-0.312761,-0.623383)
(19.3952,-23.7166,25) (-0.851881,0.505436,-0.137237)
(-20.8538,-21.3412,25) (-0.45529,0.702256,-0.547309)
(19.1538,-21.4777,25) (-0.256942,-0.955167,-0.147093)
(17.539,22.9234,25) (-0.62482,0.551377,-0.552796)
(-18.7336,-4.25528,25) (0.840138,0.223398,-0.494228)
(0.181921,-18.9965,25) (-0.671494,0.663718,-0.329505)
(-9.54794,6.23034,25) (0.394484,-0.780509,-0.484961)
(-15.0754,10.7994,25) (-0.259836,-0.961758,-0.0866412)
(13.9703,-6.11757,25) (0.804271,0.522447,-0.283191)
(-21.3614,3.44635,25) (-0.191274,0.141398,-0.971299)
(24.6568,16.24,25) (-0.231344,-0.910949,-0.341542)
(-8.38092,-21.9857,25) (-0.738938,0.0363527,-0.672792)
(22.3874,-21.0459,25) (0.832564,0.527847,-0.167976)
(0.3906,-11.889,25) (0.80447,-0.455323,-0.381457)
(-21.5113,20.8401,25) (-0.616325,0.409958,-0.672368)
(12.5414,7.96632,25) (-0.780198,0.523125,-0.342974)
(-10.9313,-9.76965,25) (-0.600217,0.731504,-0.323484)
(-23.9993,22.0916,25) (-0.0928304,0.620768,-0.778479)
(-6.66475,13.3707,25) (0.112117,0.76737,-0.631327)
(-12.9949,20.2029,25) (0.980626,0.0147614,-0.195332)
(11.204,-19.4326,25) (-0.373188,-0.248614,-0.893824)
(-24.2945,-7.87633,25) (0.772086,0.461803,-0.436601)
(2.87711,-6.05446,25) (-0.67215,-0.390735,-0.62892)
(2.05348,-20.7748,25) (0.443904,0.863023,-0.241123)
(3.84961,12.9076,25) (-0.911971,0.0432782,-0.407965)
(-24.7014,15.8527,25) (-0.255311,-0.350376,-0.90114)
(-24.4111,-24.6588,25) (0.922463,0.191275,-0.335374)
(-16.8933,12.3549,25) (0.176717,0.674534,-0.716781)
(-0.321004,-12.9183,25) (0.202876,-0.774527,-0.599124)
(-11.7725,24.0877,25) (-0.533352,-0.73115,-0.425388)
(3.75858,21.9898,25) (0.64297,-0.536612,-0.546477)
(1.44636,5.95449,25) (0.879322,-0.217124,-0.423853)
(-0.65575,-9.9276,25) (-0.866176,-0.455338,-0.20593)
(-11.9952,-6.1331,25) (0.00733467,-0.50448,-0.863392)
(-12.4907,24.2673,25) (0.950935,0.198228,-0.237545)
(9.62647,-20.9175,25) (-0.0348449,-0.420403,-0.906668)
(-1.50905,1.09168,25) (0.333555,-0.0731672,-0.939887)
(19.095,11.5586,25) (0.704317,-0.709783,-0.0121166)
(-4.30162,1.35544,25) (-0.869592,0.487766,-0.0767763)
(-23.5335,-16.1796,25) (-0.973382,-0.0171719,-0.228545)
(-16.6687,-22.3698,25) (-0.658513,-0.502605,-0.560133)
(-10.3789,13.2309,25) (-0.0739394,0.0794923,-0.99409)
(-8.67745,3.51905,25) (-0.863366,-0.00676022,-0.504532)
(7.45174,-5.62687,25) (0.594206,-0.291803,-0.749514)
(-5.13987,-10.9065,25) (-0.553826,0.121129,-0.823775)
(-15.7906,-1.33296,25) (-0.328245,-0.0352746,-0.943934)
(-21.966,-1.61333,25) (0.912089,0.409924,-0.00751859)
(-1.56121,-13.8083,25) (0.160168,0.402617,-0.901247)
(3.06653,-1.76132,25) (-0.361003,0.91009,-0.203502)
(-19.4882,-4.40195,25) (0.725005,0.609894,-0.319995)
(7.43357,16.7802,25) (0.997468,-0.0710654,-0.00287806)
(4.95285,7.2133,25) (0.0115675,-0.0571762,-0.998297)
(19.6367,14.3239,25) (0.59612,0.598789,-0.534877)
(5.92923,-2.7613,25) (-0.338721,-0.928824,-0.150183)
(-21.6382,-4.16015,25) (-0.826917,-0.284775,-0.484884)
(4.01503,20.7894,25) (-0.877454,-0.246815,-0.411288)
(19.7547,14.6572,25) (-0.788567,0.591268,-0.16901)
(-11.7842,-7.67126,25) (0.646682,0.389709,-0.65569)
(15.3755,-3.41621,25) (-0.00156671,-0.986523,-0.163615)
(-2.83526,-22.0467,25) (0.306725,-0.682267,-0.66365)
(-23.4218,14.8943,25) (0.205026,-0.435172,-0.876693)
(-1.59741,-8.17784,25) (0.395566,-0.870826,-0.291871)
(7.91287,15.0366,25) (-0.50081,-0.225862,-0.835569)
(-13.3295,20.7164,25) (0.235041,0.505269,-0.830337)
(-14.6301,11.5002,25) (-0.457806,-0.857064,-0.236337)
(7.85407,19.6746,25) (0.580911,0.779894,-0.233042)
(-5.52468,-18.8387,25) (-0.278534,-0.517881,-0.808838)
(11.7487,-10.0387,25) (-0.436051,0.411136,-0.800516)
(13.4951,7.98282,25) (-0.93403,0.353818,-0.0490015)
(-10.0216,-19.1108,25) (-0.895,-0.438255,-0.0831059)
(5.31105,1.31922,25) (0.805349,0.169338,-0.5681)
(-4.12785,15.2589,25) (-0.696906,0.136646,-0.704024)
(17.9313,6.40385,25) (0.379174,-0.183862,-0.906875)
(1.82969,13.5344,25) (-0.287177,0.0207517,-0.957653)
(0.842532,0.366769,25) (0.703815,-0.541982,-0.459239)
(15.4385,-7.88737,25) (-0.332923,0.808235,-0.485715)
(-0.205176,-18.8581,25) (0.239619,-0.901853,-0.359505)
(-1.97142,10.1542,25) (-0.985676,0.0278099,-0.166341)
(20.8753,3.47907,25) (-0.343426,-0.889092,-0.302611)
(-23.2127,-8.58383,25) (-0.725326,-0.681058,-0.100309)
(10.1407,-3.76414,25) (-0.415147,-0.31094,-0.854967)
(-5.52146,-13.4538,25) (0.0962604,-0.755297,-0.648275)
(7.13504,-8.21482,25) (-0.0195891,-0.667843,-0.744044)
(15.6392,-23.052,25) (0.403203,0.60533,-0.686297)
(-9.50049,-5.71914,25) (0.43809,-0.799044,-0.411832)
(18.6319,-4.17388,25) (-0.940812,0.338372,-0.0194158)
(8.33143,7.75675,25) (0.884943,0.439782,-0.15319)
(11.7375,-7.68345,25) (-0.433095,0.541331,-0.720687)
(-8.88531,-3.18972,25) (0.179107,-0.850942,-0.493781)
(-3.61067,-21.8566,25) (0.586546,-0.722145,-0.366701)
(7.28544,-13.8253,25) (0.627221,-0.721256,-0.293911)
(-17.0256,10.7281,25) (-0.85253,-0.317301,-0.415346)
(-6.30602,-24.0797,25) (-0.545913,0.313306,-0.777058)
(21.1811,-16.2439,25) (-0.211881,0.952004,-0.220897)
(-15.8587,20.3311,25) (0.927442,-0.0609247,-0.368972)
(18.0607,-10.2699,25) (-0.880629,-0.04738,-0.471431)
(-15.8773,-7.3299,25) (-0.609186,-0.555372,-0.566087)
(23.9437,-12.6602,25) (-0.132421,0.803115,-0.580923)
(-17.2693,16.4926,25) (-0.27146,-0.923103,-0.272378)
(-23.1939,9.42096,25) (-0.150018,-0.287118,-0.946075)
(-3.33688,22.3779,25) (0.456212,0.49075,-0.742318)
(10.4045,8.76356,25) (0.0758157,-0.651398,-0.754939)
(4.36434,-23.0096,25) (0.562702,-0.79318,-0.232877)
(16.9388,14.5373,25) (0.780346,0.231358,-0.580976)
(-1.98108,5.29879,25) (0.896781,0.439247,-0.0533494)
(-8.93218,-20.9799,25) (0.0232289,0.45675,-0.889292)
(-21.1785,10.5128,25) (-0.362889,-0.827832,-0.427791)
(-6.63803,23.1474,25) (0.968107,0.248594,-0.031154)
(11.8195,-6.15771,25) (0.794426,0.582482,-0.172056)
(-21.1041,-24.3716,25) (-0.736943,0.372061,-0.564346)
(0.697945,21.5902,25) (-0.568567,-0.36486,-0.737298)
(4.54626,21.4935,25) (-0.691133,-0.473313,-0.546178)
(-8.87671,-11.8076,25) (0.768787,0.425354,-0.477536)
(-2.66329,15.7404,25) (-0.817912,-0.515141,-0.256223)
(8.12596,-1.33649,25) (-0.594696,0.446521,-0.668547)
(-16.424,-15.1627,25) (0.733403,-0.236082,-0.637483)
(18.0121,-19.318,25) (0.358353,-0.835286,-0.416989)
(-6.05986,-20.3872,25) (0.67959,0.0601117,-0.731125)
(14.0938,-17.9849,25) (0.613127,-0.351842,-0.707307)
(-12.577,15.9374,25) (-0.916907,-0.370741,-0.147761)
(22.1129,17.5584,25) (0.144671,0.847784,-0.510228)
(14.238,-4.71425,25) (-0.731994,-0.674947,-0.0929054)
(-24.3518,18.1704,25) (-0.453975,0.452932,-0.767307)
(3.46961,-5.8486,25) (0.733461,0.24281,-0.634885)
(18.0775,21.3435,25) (-0.451074,0.867743,-0.208698)
(-10.8023,24.7323,25) (0.372471,0.699133,-0.61031)
(-10.1567,12.238,25) (-0.891276,0.415233,-0.182233)
(13.462,-23.2233,25) (0.858679,-0.46697,-0.211208)
(-9.88385,3.18771,25) (0.435296,0.893296,-0.111984)
(0.267122,-18.8481,25) (-0.235454,-0.899997,-0.366834)
(2.01474,-2.2756,25) (-0.0624188,0.950118,-0.305582)
(-3.17854,-23.5599,25) (-0.0633893,0.992736,-0.102255)
(7.67722,-12.4857,25) (-0.701493,0.666122,-0.253353)
(-15.8356,-23.4147,25) (0.855338,-0.500002,-0.135628)
(7.7505,16.5501,25) (0.806261,0.223634,-0.547659)
(7.21307,-15.8506,25) (0.249717,-0.828939,-0.500501)
(22.1703,8.2402,25) (-0.844915,-0.534342,-0.0244498)
(9.79657,-1.58095,25) (-0.914301,0.2098,-0.346465)
(-4.54676,-2.54002,25) (0.573885,-0.49091,-0.655487)
(-13.8156,8.19974,25) (-0.476464,0.797795,-0.369467)
(3.42982,15.1311,25) (-0.647262,-0.380663,-0.660415)
(6.74982,-9.13852,25) (-0.130517,0.987499,-0.0883793)
(22.5542,-2.80823,25) (0.215385,-0.826621,-0.519911)
(13.6281,-4.10152,25) (0.271903,-0.79473,-0.542654)
(-17.6236,-20.5911,25) (-0.597398,0.454321,-0.660838)
(22.5928,21.2497,25) (-0.444434,0.470403,-0.762364)
(-11.4202,4.15178,25) (0.59346,-0.672478,-0.442243)
(-21.3841,-22.2583,25) (0.425039,-0.282963,-0.85981)
(-6.07084,19.3597,25) (0.72505,0.217075,-0.653591)
(22.7291,-5.36876,25) (0.623773,-0.777032,-0.0844311)
(10.1915,15.5689,25) (-0.640113,-0.323444,-0.696879)
(-16.9627,22.0985,25) (0.509859,0.468237,-0.721663)
(-18.212,10.4041,25) (0.413131,0.908746,-0.0591912)
(17.1113,-10.979,25) (-0.639592,0.76419,-0.0832817)
(14.9356,-13.0797,25) (-0.137551,-0.682806,-0.717535)
(-22.617,2.0258,25) (0.042641,-0.100311,-0.994042)
(4.6119,-16.6468,25) (0.609501,0.581564,-0.538788)
(10.4561,14.2746,25) (-0.477354,-0.0807337,-0.874994)
(1.35417,-7.08767,25) (0.138623,0.645439,-0.751127)
(-4.38345,6.45215,25) (0.335328,0.200135,-0.920598)
(-18.3464,18.0257,25) (0.270942,0.510495,-0.81608)
(-0.113921,23.0066,25) (0.474207,0.144913,-0.868405)
(-21.3114,-19.1173,25) (-0.577546,0.615224,-0.536601)
(-3.62088,24.9071,25) (0.6582,-0.700285,-0.276359)
(-1.13167,10.2571,25) (-0.562263,0.283199,-0.776955)
(9.14331,-5.81915,25) (0.349866,-0.818614,-0.455483)
(-21.3414,-9.7191,25) (-0.609156,0.0602273,-0.79076)
(-21.7359,22.3296,25) (0.416965,0.636915,-0.648444)
(-2.64865,0.916811,25) (0.281985,0.959239,-0.0185638)
(-14.6562,4.48951,25) (-0.196909,-0.512517,-0.835795)
(0.0276477,-2.45825,25) (0.993557,-0.106281,-0.0393513)
(-10.0254,-2.37311,25) (0.0500672,0.338376,-0.939678)
(-17.2252,20.4957,25) (0.204837,0.6219,-0.755832)
(-13.3828,-5.82537,25) (0.564869,-0.357364,-0.743784)
(-14.4109,0.86564,25) (-0.308499,-0.72831,-0.611877)
(-21.0411,-17.5491,25) (0.184259,0.975585,-0.11951)
(0.220278,-6.35668,25) (0.495657,0.0607529,-0.866391)
(-19.121,-11.8792,25) (-0.570349,0.704828,-0.421805)
(-6.5069,9.95798,25) (-0.264763,-0.00759187,-0.964284)
(-6.4454,-19.3908,25) (0.994115,-0.0105217,-0.107822)
(-2.7149,-14.3577,25) (-0.251232,0.878914,-0.405454)
(-0.130223,24.5352,25) (-0.17849,0.506094,-0.843807)
(-23.3614,-19.3503,25) (0.0381232,0.0231955,-0.999004)
(11.605,-0.515325,25) (-0.339881,-0.109469,-0.934076)
(-18.9349,20.2078,25) (-0.0353538,0.129693,-0.990924)
(9.18019,-16.9638,25) (-0.384561,-0.0635214,-0.920911)
(-22.7462,5.27536,25) (0.108187,-0.976163,-0.188154)
(-24.3011,-13.4141,25) (-0.869892,-0.181233,-0.458741)
(-7.55046,18.9928,25) (-0.693513,-0.713919,-0.0967423)
(-20.3854,2.92127,25) (0.581277,-0.632666,-0.511714)
(8.75745,23.7958,25) (0.948269,0.315354,-0.0365802)
(-16.4614,-11.9069,25) (0.709125,-0.334282,-0.620804)
(-13.9935,0.00375614,25) (0.987348,-0.139247,-0.0758568)
(3.30649,-24.3441,25) (0.156437,0.965727,-0.207121)
(-19.2131,-6.41682,25) (0.71852,0.223697,-0.658551)
(5.85428,-14.6925,25) (-0.428372,-0.64194,-0.635932)
(-19.4755,-20.3351,25) (0.652134,0.264741,-0.710376)
(-18.3527,6.95841,25) (-0.527344,0.25816,-0.809482)
(20.4618,-2.44169,25) (0.510244,0.49227,-0.70521)
(22.7098,16.4009,25) (0.784396,0.0781092,-0.615323)
(19.5432,16.7293,25) (0.796789,0.156193,-0.583722)
(-0.717145,-22.5453,25) (-0.117621,0.898013,-0.423956)
(20.7214,-1.40586,25) (-0.736825,0.621599,-0.265903)
(-11.0356,-15.0564,25) (0.207944,0.921596,-0.32775)
(-8.17136,-5.5421,25) (0.606107,-0.357252,-0.710637)
(-14.1978,-5.05211,25) (-0.725815,0.632896,-0.269509)
(24.8251,-23.6841,25) (-0.150228,-0.753354,-0.640227)
(-21.0716,-0.806273,25) (0.585432,-0.716346,-0.379629)
(-11.4591,-19.3362,25) (-0.891927,-0.383577,-0.239447)
(-8.86874,-15.0498,25) (0.529935,-0.847316,-0.0349948)
(8.21095,11.0716,25) (0.950533,0.280099,-0.134282)
(15.1177,-6.32852,25) (-0.616042,-0.78076,-0.104429)
(-16.1917,2.74844,25) (0.870213,-0.427373,-0.245117)
(4.1938,-2.72905,25) (0.30123,0.95298,-0.0330129)
(9.29386,-4.8492,25) (-0.720442,0.685141,-0.107452)
(-17.2502,-11.6481,25) (-0.671881,-0.205768,-0.711502)
(19.6224,10.8399,25) (0.675195,0.556492,-0.484177)
(16.2275,-0.821342,25) (-0.620525,0.577934,-0.530039)
(-16.5827,-2.72964,25) (-0.967388,0.109853,-0.228237)
(-17.1865,7.02159,25) (0.440857,0.891477,-0.104469)
(-4.70919,20.3525,25) (0.328972,0.34944,-0.877308)
(22.0796,19.5651,25) (0.126734,0.719623,-0.682702)
(-6.82195,-12.1128,25) (-0.841443,0.206929,-0.499153)
(-24.1674,-2.97026,25) (-0.60358,0.766534,-0.219354)
(-18.2722,1.10575,25) (0.624225,0.478884,-0.617263)
(21.1558,4.55787,25) (0.769102,0.587963,-0.250563)
(-15.7088,-8.62735,25) (-0.458342,-0.292795,-0.839163)
(-19.5739,19.344,25) (-0.167432,-0.198309,-0.965733)
(14.0573,8.01025,25) (0.836896,0.47439,-0.273057)
(-12.8136,-9.81806,25) (-0.169681,-0.918362,-0.357519)
(-0.746984,-15.7037,25) (-0.319863,0.938151,-0.132517)
(13.2589,5.43934,25) (0.712565,0.681361,-0.167326)
(-20.324,-24.3325,25) (0.174362,0.156831,-0.972112)
(-1.87321,3.8537,25) (0.0457379,-0.225873,-0.973083)
(-23.2871,18.2785,25) (-0.526548,-0.167177,-0.833546)
(-13.938,17.0629,25) (-0.748132,0.216755,-0.627149)
(14.4552,-24.7547,25) (-0.649945,-0.111612,-0.751741)
(11.1016,4.1746,25) (-0.0456381,-0.905158,-0.422618)
(-13.6247,-11.9569,25) (0.885809,-0.139684,-0.442528)
(-7.39618,3.20591,25) (-0.809592,0.541513,-0.226549)
(-6.51234,4.78194,25) (0.365409,0.823559,-0.433851)
(12.0043,-5.5359,25) (0.596381,-0.79992,-0.0667654)
(-18.3935,20.6267,25) (0.204984,0.777263,-0.594848)
(11.9646,4.51437,25) (0.132985,0.392329,-0.910161)
(0.506967,-20.5523,25) (0.818896,0.547494,-0.172221)
(11.7428,2.72157,25) (-0.0149918,0.204078,-0.97884)
(-23.2383,20.7897,25) (0.279612,0.844805,-0.456203)
(16.4659,21.6012,25) (-0.253471,0.929322,-0.268539)
(10.6083,14.369,25) (0.989447,-0.0658553,-0.129061)
(-7.81475,-0.176589,25) (0.114037,0.0045251,-0.993466)
(-18.5384,-23.9288,25) (-0.212493,0.674273,-0.70725)
(3.0505,-8.05438,25) (-0.613001,0.629741,-0.477132)
(19.9027,-4.02071,25) (0.447479,-0.892423,-0.0578308)
(-3.25754,-10.8935,25) (-0.462256,-0.778533,-0.424506)
(15.5072,2.24067,25) (0.136478,-0.548451,-0.82497)
(-0.0275861,24.4725,25) (0.152467,0.538347,-0.828816)
(-10.9338,11.396,25) (0.833653,0.534006,-0.14093)
(-19.5488,-7.77938,25) (-0.194928,0.977831,-0.0764766)
(8.41546,-12.2429,25) (0.810986,0.452703,-0.370624)
(-22.1752,-10.7578,25) (0.626939,-0.486758,-0.608288)
(21.142,10.733,25) (0.108115,-0.42211,-0.900075)
(-21.0855,19.2111,25) (0.0881978,0.762991,-0.640364)
(-11.7267,-12.6147,25) (-0.558394,-0.606132,-0.566392)
(0.0621395,-17.6669,25) (0.672768,0.143513,-0.725801)
(15.8947,-24.9012,25) (-0.541089,-0.840871,-0.0125884)
(0.139283,-18.537,25) (0.161962,-0.114131,-0.980175)
(6.19219,-11.1315,25) (0.816291,0.0296487,-0.576879)
(13.1751,1.83483,25) (-0.271289,-0.854391,-0.443191)
(-22.1676,8.492,25) (-0.616208,0.583251,-0.52925)
(-4.97942,-22.9829,25) (0.773745,-0.524768,-0.354877)
(18.1196,1.09618,25) (0.11276,0.503674,-0.856503)
(-23.3465,-6.86513,25) (0.106176,0.906085,-0.409556)
(-10.8596,22.2899,25) (-0.0647018,0.0966844,-0.99321)
(-21.6328,4.42667,25) (0.0970638,0.904168,-0.416004)
(-13.8997,-20.0301,25) (0.85218,-0.37843,-0.361359)
(10.3927,3.66905,25) (-0.127856,-0.960045,-0.24893)
(-16.482,19.4063,25) (0.944138,-0.326431,-0.0452339)
