(-6.69253,18.3124,25) (0.161931,0.843639,-0.51191)
(-21.0821,12.7175,25) (-0.664872,0.73658,-0.124077)
(-19.8462,4.76738,25) (0.470507,-0.80954,-0.351096)
(3.5827,24.6363,25) (0.469692,0.487096,-0.736293)
(-4.05862,19.213,25) (0.847746,0.160254,-0.505615)
(1.08631,20.8872,25) (-0.297496,0.884761,-0.358739)
(-3.04388,12.0255,25) (-0.0165768,0.999219,-0.0358622)
(-22.1617,16.0624,25) (-0.290843,-0.00321726,-0.956765)
(16.5789,4.27834,25) (0.167889,-0.886444,-0.431312)
(-17.7013,14.7821,25) (-0.364162,-0.76176,-0.535824)
(-10.5774,9.43469,25) (-0.61496,0.762119,-0.202484)
(-9.1906,7.69541,25) (0.815085,0.523335,-0.248511)
(1.8121,-16.9175,25) (0.702854,-0.699347,-0.130038)
(-7.95059,3.18599,25) (0.939759,-0.182529,-0.289026)
(-16.4756,-14.0262,25) (0.732394,-0.633907,-0.248518)
(12.2151,2.89955,25) (-0.262962,0.957992,-0.114467)
(4.38119,8.09081,25) (0.571181,-0.404644,-0.714154)
(-21.4859,5.54137,25) (0.432821,0.315442,-0.844489)
(9.13489,13.478,25) (0.0147711,0.483098,-0.875442)
(0.779484,-10.0693,25) (0.213372,0.0199661,-0.976767)
(-14.5075,-9.87315,25) (-0.555079,-0.270849,-0.786465)
(-8.746,-19.2864,25) (-0.330307,0.943862,-0.00467901)
(-0.851813,18.7142,25) (0.780851,-0.6247,-0.00467903)
(0.531097,2.68534,25) (-0.223374,-0.792636,-0.567303)
(6.85781,24.3309,25) (0.842424,-0.510358,-0.172788)
(9.01062,-4.54551,25) (0.041601,0.533284,-0.844912)
(6.16618,-2.81175,25) (0.0556471,-0.998371,-0.0125948)
(4.52688,10.4869,25) (-0.293259,-0.352272,-0.888765)
(3.16135,10.7459,25) (-0.225985,-0.973856,-0.0231246)
(-10.3462,-7.17235,25) (0.881104,0.271193,-0.387441)
(-3.05182,-18.0713,25) (-0.974873,-0.16706,-0.147356)
(23.4283,-8.13098,25) (0.944802,0.150817,-0.290866)
(23.9381,15.0538,25) (-0.312726,-0.159435,-0.936367)
(-10.4837,7.57782,25) (0.834437,0.536598,-0.125607)
(-15.415,-24.5392,25) (0.195655,0.689213,-0.697643)
(-6.56988,-0.913868,25) (0.167797,-0.510265,-0.843489)
(-9.88702,-8.26926,25) (-0.624872,0.179474,-0.759818)
(-22.0398,4.59548,25) (0.313392,-0.895839,-0.315052)
(-17.2983,6.28717,25) (0.918243,0.379128,-0.114421)
(-9.34166,9.76204,25) (-0.976079,0.212484,-0.0460443)
(10.1759,22.9674,25) (-0.434218,-0.433223,-0.789793)
(-13.6708,-0.76446,25) (0.00856358,-0.980566,-0.196003)
(-15.9828,2.24299,25) (-0.821503,-0.564532,-0.0802297)
(20.6936,-16.5195,25) (-0.00365436,0.0105989,-0.999937)
(0.68514,3.97466,25) (-0.00209633,0.90607,-0.423123)
(1.2867,2.75824,25) (-0.758687,-0.582375,-0.291948)
(8.45597,-2.47154,25) (-0.759601,-0.438111,-0.480693)
(15.6126,22.9478,25) (0.790544,0.206656,-0.576483)
(23.2503,-20.424,25) (0.239265,-0.803909,-0.544503)
(13.4808,4.02719,25) (0.82598,0.55558,-0.0953353)
(15.4705,-17.3802,25) (-0.229312,-0.920801,-0.315502)
(11.5498,-18.5368,25) (-0.99287,0.0591073,-0.103513)
(11.9079,19.8074,25) (-0.712713,0.645234,-0.275159)
(13.1147,6.94073,25) (0.344399,-0.924821,-0.161539)
(-18.7064,-12.8342,25) (-0.0581973,0.521235,-0.851426)
(-14.8456,20.2667,25) (-0.66445,-0.521443,-0.535354)
(-11.448,12.049,25) (-0.958505,-0.0206681,-0.284325)
(14.014,10.8755,25) (-0.529695,0.174523,-0.830039)
(-9.93882,-13.7584,25) (-0.671785,-0.682297,-0.288402)
(-23.7756,7.82737,25) (-0.49213,0.867285,-0.0749907)
(-20.1132,15.8986,25) (0.778737,-0.57051,-0.260934)
(9.86218,-5.8458,25) (-0.661419,0.470406,-0.58416)
(-23.1197,-5.20477,25) (0.300683,-0.498029,-0.813361)
(2.65822,-8.57701,25) (-0.439555,-0.682435,-0.584014)
(-23.2799,-20.474,25) (0.361015,0.621599,-0.695186)
(-17.9432,2.84633,25) (0.909209,-0.381011,-0.16784)
(21.7181,1.48442,25) (0.591324,0.298994,-0.748958)
(-7.58226,14.5179,25) (0.211995,-0.899804,-0.381328)
(-11.9942,-17.1551,25) (-0.642553,0.36349,-0.674538)
(7.05,0.974367,25) (0.896391,0.338326,-0.286388)
(-17.8121,-16.4383,25) (-0.597222,-0.674892,-0.433413)
(-5.65079,2.06993,25) (-0.883375,-0.46557,-0.0537945)
(18.9436,17.0265,25) (-0.0198352,0.757121,-0.652973)
(-20.4813,-16.1095,25) (-0.88625,0.455315,-0.0851381)
(-17.3816,-18.5944,25) (-0.791123,0.541529,-0.284378)
(-7.62772,18.6521,25) (-0.944432,0.042899,-0.325894)
(3.51535,-15.6682,25) (0.560505,0.740897,-0.370007)
(22.6112,-19.6749,25) (-0.47914,0.771821,-0.417992)
(2.57878,-8.10892,25) (-0.31028,-0.645605,-0.697797)
(-15.3918,22.3656,25) (-0.38755,-0.891384,-0.235029)
(23.489,-16.9612,25) (-0.409945,-0.461266,-0.786879)
(23.493,-15.5301,25) (-0.77207,-0.483929,-0.411971)
(24.9162,1.31502,25) (-0.177697,0.0406216,-0.983246)
(-4.52381,0.592363,25) (0.826315,0.547862,-0.13058)
(-19.4041,-8.26889,25) (0.0562842,0.933767,-0.353428)
(-8.01892,10.3788,25) (0.934249,-0.328947,-0.137742)
(5.51472,23.1388,25) (-0.169486,-0.396142,-0.902411)
(5.49164,-10.0332,25) (0.103774,-0.629705,-0.769872)
(18.218,11.7244,25) (0.375649,-0.876375,-0.30142)
(-16.5199,2.17725,25) (0.573568,-0.799059,-0.180346)
(14.1385,17.2611,25) (0.542017,0.259242,-0.799382)
(-1.38343,19.1934,25) (0.561913,0.698136,-0.44369)
(6.69376,-4.02906,25) (0.852162,-0.400984,-0.336202)
(23.3604,21.7336,25) (0.0573413,-0.399159,-0.915087)
(-3.12568,5.18272,25) (-0.228389,0.761165,-0.607014)
(11.3864,3.74174,25) (0.564158,0.118863,-0.817066)
(17.1649,-20.7969,25) (0.456935,-0.861282,-0.222268)
(15.3964,-11.3105,25) (-0.115285,0.458278,-0.8813)
(-11.738,-8.51237,25) (0.592285,-0.796415,-0.122159)
(-20.2299,-13.3232,25) (0.335774,-0.930089,-0.148966)
(-0.30322,-19.9793,25) (0.322523,-0.826523,-0.461345)
(3.41712,-11.7952,25) (-0.0864569,0.959784,-0.267095)
(-16.0714,-6.77651,25) (-0.652998,-0.570528,-0.498088)
(11.9625,22.1862,25) (0.929542,-0.368402,-0.0152356)
(-13.6548,-9.13059,25) (0.935452,0.275711,-0.221163)
(-0.723249,20.5238,25) (0.629178,-0.554423,-0.544748)
(-20.7147,5.66021,25) (-0.136929,-0.503715,-0.852949)
(-16.1499,-23.0393,25) (-0.45564,0.889657,-0.0300392)
(0.572224,-6.00565,25) (-0.932114,-0.355125,-0.0710615)
(6.4923,-11.947,25) (-0.790748,-0.259783,-0.554284)
(24.5073,10.8811,25) (0.864913,0.090367,-0.49372)
(-11.7065,-23.4529,25) (0.997288,0.0303392,-0.0670594)
(-6.7004,-0.362472,25) (0.979115,0.198556,-0.0437052)
(22.8147,9.7969,25) (0.492998,-0.083465,-0.866018)
(-19.2047,-15.1098,25) (-0.835908,-0.448612,-0.316235)
(-23.4639,24.1018,25) (-0.0551849,0.480808,-0.875088)
(-4.2429,-2.64275,25) (0.833886,-0.0867706,-0.545074)
(11.0192,16.16,25) (-0.247139,0.882762,-0.399567)
(20.9717,16.8849,25) (0.345271,-0.420118,-0.839219)
(20.6385,-22.1503,25) (-0.835133,0.232526,-0.498483)
(-13.9945,-4.06606,25) (-0.382587,0.637704,-0.668551)
(-15.9321,-2.57869,25) (0.0857367,0.236928,-0.967737)
(-9.92112,-3.03831,25) (-0.111476,-0.62663,-0.771303)
(1.93086,23.2811,25) (0.109945,0.861479,-0.495748)
(8.64743,-23.7875,25) (0.706597,0.676614,-0.207156)
(-15.7651,5.98773,25) (-0.0936776,0.462151,-0.881839)
(17.8805,6.07841,25) (-0.03306,0.408125,-0.912327)
(-1.45558,-5.93812,25) (-0.221325,-0.255616,-0.941103)
(-15.924,13.9727,25) (0.411772,-0.49904,-0.762498)
(-20.7681,6.26982,25) (-0.0691547,-0.981678,-0.177558)
(-11.2811,-12.575,25) (-0.81691,0.546941,-0.183067)
(-19.3039,-6.83136,25) (-0.0773781,0.901401,-0.426015)
(-9.35584,15.1047,25) (-0.233716,0.841725,-0.486699)
(7.8038,-7.85938,25) (0.200242,0.82873,-0.522599)
(-19.2049,-9.40316,25) (0.585355,0.189767,-0.788256)
(-6.10536,-18.3102,25) (-0.363314,-0.871944,-0.328201)
(-11.7475,-6.58614,25) (0.802952,-0.574114,-0.160192)
(-21.6242,-13.1577,25) (0.560097,-0.628662,-0.539514)
(6.49522,10.1779,25) (0.703326,-0.076706,-0.706717)
(20.7306,18.9941,25) (0.316433,0.900754,-0.297509)
(-20.2736,14.8671,25) (-0.697894,-0.710939,-0.0866624)
(18.882,11.9934,25) (-0.027566,-0.137311,-0.990144)
(20.1748,2.05899,25) (-0.818743,-0.573937,-0.0159921)
(16.6872,-13.4554,25) (0.880751,0.442145,-0.169662)
(-14.6001,-16.2546,25) (-0.802517,0.268582,-0.532758)
(20.8007,24.5058,25) (-0.575563,-0.817597,-0.0161964)
(19.6392,-8.93941,25) (0.786235,0.585227,-0.198353)
(-0.560366,-11.2904,25) (-0.350006,-0.14413,-0.925593)
(2.98282,-5.34325,25) (0.580112,-0.679785,-0.448735)
(-22.6028,12.3841,25) (0.687826,0.710076,-0.150623)
(4.4543,-7.5214,25) (0.620403,-0.674604,-0.400012)
(-19.1059,-5.8152,25) (0.110989,-0.7982,-0.592079)
(-4.23952,6.36219,25) (-0.263929,0.962787,-0.0581598)
(-8.29421,-0.681163,25) (-0.33502,0.117899,-0.934805)
(-22.8715,2.2617,25) (0.0826876,-0.795099,-0.600817)
(-12.2157,3.85684,25) (0.230037,-0.835136,-0.49963)
(-20.7146,-17.235,25) (0.688762,0.00817571,-0.724941)
(-2.86483,-20.0665,25) (-0.462651,0.345932,-0.816263)
(-11.9573,23.175,25) (-0.659367,0.0568023,-0.749673)
(-16.7815,11.5473,25) (-0.190298,-0.284302,-0.939659)
(-13.4091,3.72052,25) (0.945402,0.311002,-0.0974312)
(12.6519,22.258,25) (0.849899,-0.307434,-0.427967)
(14.7988,-22.1734,25) (-0.797771,-0.301546,-0.522142)
(-6.18471,0.26095,25) (0.764746,0.486186,-0.422832)
(-6.4209,4.35802,25) (-0.244751,-0.494022,-0.83429)
(13.3312,3.34604,25) (-0.538758,0.240493,-0.807405)
(-0.653555,-8.31543,25) (-0.223571,0.839335,-0.495512)
(23.2169,2.2829,25) (-0.92052,0.37481,-0.110274)
(-12.2505,-15.4387,25) (0.708909,-0.568065,-0.418031)
(12.5295,19.6997,25) (0.0533593,-0.905822,-0.420284)
(13.5851,-2.76744,25) (0.547114,-0.813484,-0.197255)
(16.8644,-10.6972,25) (-0.906276,0.235318,-0.351125)
(12.3977,-0.330105,25) (-0.909533,-0.0873887,-0.40634)
(17.9872,4.583,25) (0.804985,0.435852,-0.402533)
(-10.5003,12.3253,25) (0.229283,-0.370268,-0.900184)
(23.5041,15.0514,25) (-0.921108,0.3106,-0.234706)
(5.19932,9.60058,25) (-0.860324,-0.100584,-0.499725)
(-22.5061,-22.0207,25) (0.145307,-0.989206,-0.0188932)
(22.2084,-14.7831,25) (-0.133285,0.889312,-0.437446)
(24.7205,6.54418,25) (0.164703,-0.785334,-0.596761)
(-18.0395,6.95119,25) (-0.132663,0.734411,-0.665614)
(11.3363,-20.3738,25) (0.978536,-0.164731,-0.123823)
(-4.24122,2.59833,25) (-0.875627,-0.427406,-0.224946)
(2.7364,24.3702,25) (-0.011201,-0.365372,-0.930794)
(-24.2856,-15.211,25) (-0.380984,0.608871,-0.695793)
(-20.9005,-11.6777,25) (-0.548488,0.0832287,-0.832006)
(-21.3069,-6.04079,25) (-0.763845,0.608861,-0.214078)
(17.4344,8.11575,25) (-0.0485115,0.0508427,-0.997528)
(9.02707,14.005,25) (-0.64061,-0.497305,-0.58507)
(-16.8126,-7.04405,25) (-0.512938,0.83696,-0.190769)
(-19.8275,-21.5378,25) (0.934263,-0.0965941,-0.343253)
(-23.012,-10.8525,25) (-0.345206,-0.841015,-0.416565)
(-15.6653,11.7597,25) (0.936231,-0.330761,-0.118608)
(-3.23329,4.51438,25) (0.863472,0.502507,-0.0436207)
(-7.07725,3.42986,25) (0.708613,-0.293844,-0.641501)
(-4.61495,-13.4653,25) (-0.785496,0.475596,-0.395986)
(23.1088,1.23864,25) (-0.4955,-0.58265,-0.644204)
(-14.1572,6.71675,25) (-0.720956,0.522386,-0.455341)
(10.9074,-13.3569,25) (0.414434,-0.256017,-0.873327)
(-6.38031,8.57341,25) (-0.665127,-0.677476,-0.314058)
(12.3046,-17.9829,25) (-0.0248074,-0.902581,-0.429806)
(0.849637,-10.7711,25) (0.167183,0.985637,-0.0238486)
(2.48813,-24.9195,25) (0.0588227,0.920157,-0.387106)
(8.42073,4.24562,25) (0.551467,0.574779,-0.604577)
(16.1609,11.3491,25) (0.74374,0.188211,-0.641427)
(-5.81521,-6.36887,25) (-0.387092,-0.686087,-0.615991)
(14.4649,12.061,25) (-0.28855,0.0573128,-0.955748)
(19.4894,-12.0915,25) (-0.527784,0.80349,-0.275406)
(-17.4864,-21.5132,25) (-0.0549778,-0.889684,-0.453256)
(-11.2284,24.8007,25) (-0.968601,0.227493,-0.100293)
(-0.399551,10.1879,25) (0.314574,0.752476,-0.578639)
(-4.99732,-21.0042,25) (-0.0460496,-0.793171,-0.607256)
(-4.62412,6.94083,25) (-0.0565374,0.19827,-0.978516)
(18.3725,19.6554,25) (-0.354073,-0.174489,-0.918796)
(10.8361,9.70733,25) (-0.587982,-0.611923,-0.528987)
(-9.52849,0.387112,25) (-0.684318,-0.656757,-0.316825)
(22.9928,-15.6905,25) (-0.350157,0.933155,-0.0813156)
(-23.2555,-15.3497,25) (-0.16415,-0.201641,-0.965606)
(1.065,-3.75952,25) (0.592871,0.800472,-0.0880249)
(-15.2522,22.3615,25) (-0.621741,-0.706633,-0.337799)
(7.03081,-21.4131,25) (-0.842614,-0.298001,-0.44855)
(-19.2143,15.4479,25) (0.834642,0.276595,-0.476307)
(-4.30451,2.22606,25) (-0.676692,-0.450857,-0.582079)
(11.9848,-24.3684,25) (0.455664,0.515485,-0.725703)
(11.6788,-2.26925,25) (-0.711579,0.68111,-0.172467)
(0.551961,18.9656,25) (-0.732589,-0.654437,-0.187152)
(-1.75248,10.0554,25) (-0.539215,-0.254307,-0.802854)
(10.6392,19.9996,25) (0.635072,0.482206,-0.603458)
(-17.4907,14.0566,25) (0.519918,0.378691,-0.765688)
(-1.38992,13.1888,25) (-0.493455,-0.170206,-0.852955)
(3.28472,10.5741,25) (-0.228161,0.970121,-0.0825058)
(5.65174,24.3821,25) (0.154819,0.842759,-0.515547)
(15.4616,-8.96628,25) (0.104624,-0.763461,-0.637324)
(11.5284,1.70591,25) (-0.0638852,0.994306,-0.0852844)
(-8.02638,20.9195,25) (0.880419,0.369491,-0.297219)
(18.7275,-8.8358,25) (-0.509502,0.592081,-0.624377)
(-19.6829,8.24096,25) (0.715136,-0.148479,-0.683033)
(24.6109,13.2936,25) (-0.790695,-0.494422,-0.361038)
(6.637,-14.7878,25) (0.453502,0.667614,-0.590447)
(12.4454,16.9216,25) (-0.407785,0.8282,-0.384442)
(-2.13328,-15.0071,25) (0.474439,-0.0571213,-0.878433)
(-11.5088,8.40064,25) (-0.942251,-0.0518828,-0.330864)
(-1.4289,-4.78553,25) (-0.163871,-0.680792,-0.71391)
(20.6647,2.72141,25) (0.528061,-0.112065,-0.84178)
(12.9785,9.58416,25) (-0.129449,0.924554,-0.358391)
(4.52909,-13.5073,25) (-0.315558,0.260243,-0.912522)
(-9.06791,-24.4137,25) (0.378807,0.0975733,-0.920318)
(-21.3316,9.35798,25) (0.629369,0.775835,-0.0444276)
(-10.3047,-10.2153,25) (-0.321902,0.16186,-0.932835)
(-1.39294,-1.89706,25) (-0.062368,0.9036,-0.423812)
(-9.94942,-3.93181,25) (0.695468,-0.415276,-0.586405)
(5.08013,13.4405,25) (0.425937,0.372688,-0.824428)
(-18.9823,-17.2433,25) (-0.476946,0.87795,-0.041553)
(-0.0203044,-2.02574,25) (0.562178,0.537316,-0.628687)
(-20.5556,-19.7275,25) (0.511376,-0.859331,-0.00668258)
(-6.08156,9.22548,25) (-0.676064,0.235379,-0.698237)
(-13.3785,-6.39019,25) (0.397692,-0.877977,-0.266452)
(-20.8009,-12.2861,25) (-0.296384,-0.827238,-0.477319)
(13.2298,9.1204,25) (0.416958,0.908765,-0.017112)
(-17.6462,5.83798,25) (-0.470128,0.647802,-0.599444)
(-16.8444,2.55852,25) (0.302146,0.500558,-0.811264)
(-9.65038,18.6436,25) (-0.719165,0.593822,-0.360801)
(3.85704,-17.5828,25) (-0.440594,0.868689,-0.2264)
(16.4556,7.73195,25) (0.994254,-0.106379,-0.0119243)
(-5.25807,-15.2574,25) (-0.932,-0.302071,-0.200321)
(15.08,-22.0716,25) (-0.0748541,0.480222,-0.873947)
(-15.109,15.4147,25) (0.68674,-0.706555,-0.170786)
(-17.8994,-3.49167,25) (-0.59344,-0.18357,-0.783665)
(-1.34606,-19.4231,25) (0.354446,0.840965,-0.408835)
(-9.37894,-10.4882,25) (-0.383871,-0.436685,-0.813603)
(15.1604,8.33521,25) (0.778847,-0.406228,-0.477887)
(-4.0905,-8.93453,25) (0.777493,0.544196,-0.315205)
(-19.9828,3.67217,25) (-0.393358,-0.848841,-0.353184)
(9.8167,-19.1251,25) (0.424915,-0.879182,-0.215608)
(8.19185,-8.43627,25) (0.793919,-0.584643,-0.166987)
(15.2039,-6.46863,25) (0.293233,-0.354375,-0.887937)
(8.54058,-19.9676,25) (-0.492345,-0.102464,-0.864348)
(-14.9753,2.79705,25) (0.847488,-0.0265938,-0.530148)
(23.3456,12.8718,25) (0.700298,0.580806,-0.415026)
(24.4782,6.43175,25) (0.536048,-0.759988,-0.367519)
(-14.7945,-23.7543,25) (-0.967753,0.172891,-0.183203)
(17.0782,2.93422,25) (0.267748,-0.919161,-0.288883)
(-12.0064,-5.49414,25) (-0.811828,0.515543,-0.274137)
(-22.6818,12.4936,25) (0.972236,-0.234001,-0.0010369)
(-10.8551,18.5647,25) (-0.141501,0.244332,-0.959312)
(8.41279,-19.096,25) (-0.382736,0.0176734,-0.923689)
(-21.4121,15.9662,25) (-0.730644,0.651694,-0.203602)
(-3.37247,-10.1916,25) (-0.663562,0.733622,-0.146578)
(16.0982,24.3485,25) (0.310848,-0.36028,-0.879529)
(8.01657,3.07953,25) (0.691133,-0.616785,-0.376711)
(17.0211,0.749302,25) (-0.899272,-0.26758,-0.345992)
(-11.981,-24.5496,25) (0.536692,-0.792627,-0.289314)
(-1.71241,-6.15036,25) (-0.475826,-0.211727,-0.853675)
(17.4664,-14.4179,25) (0.918509,-0.153775,-0.364273)
(9.72998,18.2848,25) (-0.573503,-0.678551,-0.45898)
(-22.3608,-10.1939,25) (-0.0817993,-0.779882,-0.620559)
(10.8628,-4.16706,25) (-0.106869,-0.992537,-0.0587274)
(-19.6628,9.06728,25) (0.351195,-0.332986,-0.87509)
(-23.9453,-3.11145,25) (0.978098,-0.193441,-0.0768396)
(11.2781,10.2003,25) (0.0633998,-0.683259,-0.727419)
(-5.78075,-21.677,25) (-0.314362,-0.771541,-0.553083)
(2.78124,-8.86221,25) (-0.47635,-0.265794,-0.838119)
(18.0316,-2.91134,25) (-0.180472,0.95022,-0.253991)
(2.01137,1.2712,25) (-0.35501,0.930244,-0.0928093)
(-1.37309,-19.8891,25) (0.5535,0.832214,-0.0325269)
(-23.4088,10.8527,25) (0.51037,-0.553404,-0.65823)
(22.9048,-20.5759,25) (0.873687,0.254867,-0.414383)
(13.1415,-21.5699,25) (-0.292803,0.639841,-0.710542)
(1.86693,-15.1962,25) (0.378862,-0.899658,-0.216978)
(-21.3566,19.2461,25) (0.438547,-0.498134,-0.748023)
(13.2147,-2.06843,25) (0.288302,0.92733,-0.238622)
(-21.3909,3.90375,25) (0.507538,0.822617,-0.256333)
(3.94359,22.3799,25) (-0.365752,0.913545,-0.177935)
(0.801525,-24.5657,25) (0.099243,0.401704,-0.910376)
(-10.2553,-24.9132,25) (-0.679565,-0.71243,-0.175028)
(4.56047,1.60313,25) (0.515237,0.447751,-0.730788)
(6.03764,1.38095,25) (0.814545,-0.457517,-0.356644)
(-15.2421,-5.12213,25) (0.69761,0.687272,-0.20248)
(-0.0445938,12.4797,25) (0.539903,-0.742614,-0.396269)
(14.5727,-13.3654,25) (-0.179497,0.835579,-0.519219)
(-5.76064,-19.5818,25) (0.933516,0.341313,-0.109789)
(-24.6744,3.03933,25) (-0.506861,-0.732656,-0.454211)
(-13.776,1.53555,25) (0.713392,-0.0427004,-0.699463)
(4.62788,12.5853,25) (0.920683,0.0746212,-0.383112)
(-8.58931,17.1067,25) (-0.678871,0.583295,-0.445983)
(24.05,-2.52161,25) (0.0235781,-0.857823,-0.513403)
(-11.9887,10.7506,25) (0.0912852,0.559478,-0.823803)
(-17.9887,18.4522,25) (-0.249833,-0.0065385,-0.968267)
(-9.89415,23.6082,25) (-0.61016,0.749158,-0.257812)
(-20.236,-11.1791,25) (-0.609687,0.618991,-0.495108)
(10.9209,8.11288,25) (0.110769,0.989553,-0.0922796)
(3.57919,7.12602,25) (-0.330442,-0.321813,-0.887268)
(-23.0305,-2.39654,25) (-0.942602,-0.165212,-0.290185)
(8.57599,12.9828,25) (0.451358,0.860832,-0.235038)
(-6.37228,16.2086,25) (-0.121257,0.626417,-0.769999)
(-21.9298,-2.85392,25) (0.0713898,-0.996104,-0.0517685)
(-4.71019,-17.6112,25) (-0.957993,-0.0289268,-0.285329)
(2.32025,22.3293,25) (0.921842,-0.22912,-0.312587)
(-17.093,-1.06894,25) (0.755582,-0.0456169,-0.653464)
(2.07626,7.28046,25) (-0.462538,-0.319904,-0.826874)
(-8.18591,19.531,25) (0.10063,-0.545346,-0.832148)
(13.9598,4.56451,25) (0.801089,0.597844,-0.028979)
(-12.1541,-3.01375,25) (-0.798149,0.0810787,-0.59698)
(17.3967,-17.1976,25) (0.150652,0.917994,-0.366865)
(-7.60912,12.1384,25) (-0.669632,0.516798,-0.533397)
(-21.4112,3.41245,25) (0.923127,-0.0446867,-0.38189)
(16.0638,-16.1971,25) (0.965189,-0.200678,-0.167747)
(-17.749,-4.90843,25) (0.275811,-0.674196,-0.685119)
(15.1488,3.4238,25) (0.254447,-0.866171,-0.430122)
(-16.342,15.7062,25) (0.604155,0.441214,-0.663572)
(-16.2403,8.66111,25) (0.832727,-0.539896,-0.12279)
(-11.2411,-3.42245,25) (0.834456,-0.0524066,-0.548577)
(8.23681,20.0766,25) (-0.475592,-0.692928,-0.541907)
(-4.20651,-20.1371,25) (0.776256,-0.212624,-0.59348)
(-7.73482,-5.85947,25) (-0.339153,0.910368,-0.237076)
(24.2092,-22.5309,25) (0.304807,0.56364,-0.767725)
(14.8891,-11.0774,25) (-0.68994,-0.574014,-0.44101)
(-1.54924,-12.3533,25) (-0.446563,0.801548,-0.397621)
(17.27,22.074,25) (-0.268776,0.627986,-0.730337)
(3.64313,7.42668,25) (-0.680255,-0.706575,-0.194946)
(22.5363,-3.66307,25) (-0.400252,-0.399291,-0.824842)
(-2.43242,17.624,25) (0.0732282,-0.737069,-0.671838)
(-21.9196,10.4083,25) (0.391218,-0.223546,-0.892735)
(-3.61728,-22.7055,25) (-0.129555,0.893447,-0.430079)
(-6.92963,12.0464,25) (0.769755,-0.213264,-0.601661)
(-2.59877,-20.164,25) (0.0368367,-0.00147546,-0.99932)
(16.5776,22.5683,25) (-0.234635,-0.385565,-0.892348)
(22.807,9.87543,25) (-0.38946,-0.909585,-0.144831)
(-6.05016,7.78482,25) (-0.212767,-0.809977,-0.546504)
(10.585,-1.89964,25) (-0.745219,0.170024,-0.64478)
(-11.1682,18.4069,25) (-0.520203,0.041897,-0.853014)
(22.0118,-11.6014,25) (0.716958,-0.697056,-0.00912828)
(-21.4824,22.8723,25) (-0.468861,-0.181288,-0.864467)
(8.70006,4.19623,25) (-0.0616382,0.945211,-0.320588)
(22.732,23.5055,25) (-0.449061,0.689994,-0.567673)
(-20.6617,-9.60426,25) (0.722116,0.212695,-0.658263)
(-20.8385,21.881,25) (0.544478,0.711013,-0.444977)
(13.1901,-21.9122,25) (0.16872,-0.964836,-0.201557)
(-24.2939,-19.3818,25) (-0.235204,0.553025,-0.799276)
(19.2438,-22.6185,25) (0.692912,0.210384,-0.689646)
(20.702,-24.8267,25) (-0.551197,0.81006,-0.199959)
(19.5437,-23.7655,25) (0.838395,0.0160648,-0.544826)
(10.262,-2.54363,25) (-0.819728,0.13032,-0.55773)
(-4.46673,-8.81671,25) (-0.144043,-0.650785,-0.745473)
(-0.226174,4.06233,25) (0.729055,-0.0225981,-0.684082)
(13.6858,-2.84012,25) (-0.965884,-0.0594105,-0.252067)
(-18.9066,11.7998,25) (-0.688947,-0.684626,-0.237991)
(-18.744,-23.233,25) (0.130566,-0.837173,-0.531125)
(11.818,-24.2452,25) (-0.6195,0.33421,-0.710298)
(3.87518,-8.41747,25) (0.58913,0.148159,-0.794339)
(19.1977,-4.54558,25) (-0.574024,-0.125051,-0.809233)
(21.478,-4.30752,25) (-0.493247,0.868873,-0.0420375)
(-2.77388,15.7336,25) (-0.841004,-0.468539,-0.270523)
(-5.52412,-13.1346,25) (-0.649117,-0.75534,-0.090051)
(-10.808,7.71196,25) (-0.786225,0.616762,-0.0381563)
(-23.1818,7.44088,25) (0.570466,-0.682267,-0.457253)
(-16.2092,-3.81001,25) (0.251238,0.830968,-0.496359)
(5.17897,-15.7999,25) (0.828821,-0.547015,-0.117607)
(20.4246,11.3118,25) (-0.48174,-0.411178,-0.77386)
(-12.9427,-3.23799,25) (0.00431975,0.202391,-0.979295)
(-16.1699,-16.6843,25) (-0.389266,0.747935,-0.537647)
(-7.62433,5.35715,25) (0.151967,0.0333419,-0.987823)
(2.76149,15.3546,25) (0.937199,0.300318,-0.17739)
(-1.06467,24.7661,25) (0.220535,-0.0261894,-0.975027)
(-4.81672,15.0327,25) (0.107943,0.787978,-0.606168)
(13.6637,-6.11824,25) (0.873818,-0.0486016,-0.483818)
(5.33174,-5.60881,25) (-0.531206,-0.624007,-0.573093)
(23.3723,-17.6647,25) (-0.548045,0.29403,-0.783067)
(-4.9525,-10.0421,25) (0.334163,0.51965,-0.78632)
(-12.6164,-17.7232,25) (0.42327,-0.0178289,-0.905828)
(-9.1474,-13.3636,25) (-0.965856,-0.25504,-0.0455625)
(-0.167647,-11.6633,25) (0.555477,0.198508,-0.80749)
(23.3533,-10.3162,25) (0.98969,-0.00560729,-0.143119)
(-12.6493,0.746357,25) (0.729573,-0.664165,-0.16312)
(-0.463536,-22.7761,25) (0.601927,-0.686646,-0.407678)
(-20.2061,9.90551,25) (0.156656,-0.784599,-0.599885)
(20.2553,11.3109,25) (0.0596416,-0.879274,-0.472568)
(-10.049,-8.84577,25) (0.199723,0.192809,-0.960695)
(17.8303,16.4604,25) (0.479878,0.603334,-0.63695)
(2.70464,11.5542,25) (0.7064,-0.564848,-0.426551)
(23.553,18.5933,25) (-0.96993,-0.0196345,-0.242589)
(-18.4202,18.7105,25) (-0.790571,-0.567893,-0.229117)
(16.1955,-1.80785,25) (-0.702151,-0.302474,-0.644587)
(-14.0264,1.89788,25) (-0.239774,0.903261,-0.355849)
(15.029,-0.568918,25) (0.498433,0.445349,-0.743794)
(-8.29323,-23.0985,25) (-0.15928,-0.907016,-0.389809)
(24.6895,-13.2009,25) (0.126035,0.662181,-0.738669)
(2.53191,19.3223,25) (0.153795,0.544132,-0.824783)
(-9.59249,1.08971,25) (-0.0263478,-0.799668,-0.599864)
(-14.5949,9.97652,25) (0.589422,0.781318,-0.205241)
(13.0437,-17.7077,25) (-0.917658,0.244324,-0.313385)
(9.89093,18.6526,25) (0.847794,-0.341936,-0.405371)
(-7.24364,-10.726,25) (0.366218,0.81078,-0.456639)
(-15.2088,-7.6489,25) (0.326067,-0.938333,-0.114944)
(-1.66722,1.97765,25) (-0.655654,-0.75417,-0.0366964)
(7.88264,16.7852,25) (0.785381,-0.521132,-0.334065)
(12.9699,-10.3632,25) (-0.461175,0.309462,-0.831595)
(-14.8075,18.8837,25) (0.00296256,0.652618,-0.757681)
(14.4158,0.432227,25) (0.396318,0.472301,-0.787314)
(23.6469,12.8816,25) (-0.991959,-0.111349,-0.0601603)
(12.1874,7.14392,25) (0.0953379,-0.627005,-0.77316)
(-5.68924,-5.24979,25) (0.0818926,-0.482159,-0.872248)
(-4.91306,-18.2814,25) (-0.588474,0.807106,-0.0477242)
(0.947196,13.1246,25) (-0.274129,0.916905,-0.290066)
(-16.9604,-3.48021,25) (0.388625,0.8336,-0.392532)
(-21.4215,-18.727,25) (-0.210679,0.0797158,-0.9743)
(8.60453,16.5393,25) (0.771963,0.629917,-0.0853106)
(9.52516,-21.8381,25) (-0.684089,0.164395,-0.710631)
(15.9412,-24.8814,25) (-0.0247237,0.999301,-0.0280345)
(-6.15581,2.22066,25) (-0.317247,-0.0154919,-0.948216)
(12.0359,8.63401,25) (0.912514,-0.109669,-0.394069)
(4.40208,3.70214,25) (-0.154772,-0.98656,-0.052401)
(-0.910419,4.55214,25) (-0.430429,-0.492871,-0.756181)
(-23.4047,-24.6224,25) (-0.647124,0.760339,-0.0558142)
(21.1061,23.3597,25) (-0.330953,-0.856075,-0.396995)
(-17.154,-20.2102,25) (-0.910358,-0.287584,-0.297562)
(20.3586,17.5993,25) (0.536831,-0.166893,-0.827018)
(6.64075,10.3978,25) (0.161069,0.321854,-0.932988)
(16.6997,14.8785,25) (0.393754,-0.789422,-0.470925)
(-6.70053,22.2231,25) (0.802326,-0.399565,-0.443419)
(21.7452,-16.155,25) (-0.693454,0.172966,-0.699432)
(-23.0351,13.1655,25) (-0.442833,-0.875258,-0.194481)
(-0.225835,-2.13588,25) (-0.0520052,-0.778428,-0.625577)
(-17.14,3.49024,25) (0.438002,0.893516,-0.0989132)
(13.7507,18.1123,25) (-0.827091,-0.0804206,-0.556285)
(18.8906,-21.9112,25) (0.00260486,-0.287099,-0.957898)
(-5.92536,9.23959,25) (-0.00239412,0.0119201,-0.999926)
(-20.4868,-3.05987,25) (-0.411587,0.583065,-0.70045)
(-21.5064,14.678,25) (-0.158822,0.810346,-0.564017)
(20.2328,10.341,25) (-0.669459,0.194407,-0.716959)
(-20.5605,17.3413,25) (0.647841,0.61921,-0.443712)
(-13.5732,11.1414,25) (-0.505766,0.737671,-0.44726)
(22.2919,-13.8154,25) (0.485355,0.841162,-0.23849)
(-7.69342,-0.501151,25) (0.924953,0.148614,-0.349823)
(12.7904,0.662027,25) (0.147441,-0.979396,-0.138004)
(3.91302,1.08213,25) (-0.842466,0.049928,-0.536432)
(16.3612,-5.11319,25) (0.126374,0.224969,-0.966136)
(21.3168,13.0149,25) (-0.595266,0.422632,-0.683404)
(15.1726,11.3751,25) (-0.0695689,-0.822463,-0.564548)
(-19.674,-16.389,25) (-0.737585,-0.287943,-0.610784)
(-4.52302,-23.5892,25) (-0.358215,-0.926758,-0.113143)
(6.76637,-4.18012,25) (-0.424203,0.0898559,-0.901098)
(0.845862,-23.7148,25) (-0.252195,-0.106757,-0.96177)
(-2.03773,-6.24612,25) (-0.632268,0.179611,-0.753642)
(12.0253,-8.38647,25) (-0.338077,0.933744,-0.117582)
(-18.3954,22.6081,25) (0.388519,-0.919095,-0.0657061)
(-21.8763,3.83409,25) (0.757082,-0.203736,-0.62074)
(19.659,20.6181,25) (0.620304,-0.126893,-0.774029)
(-21.4874,13.0339,25) (-0.144242,0.399627,-0.905258)
(22.0483,21.0603,25) (0.989728,0.0110416,-0.142537)
(-13.0631,15.263,25) (0.619389,-0.632772,-0.464712)
(-1.71453,-11.5589,25) (-0.887914,0.352381,-0.295697)
(19.9257,-23.9792,25) (-0.848248,0.166362,-0.502792)
(5.52184,-5.16902,25) (0.950504,-0.117506,-0.287635)
(-23.1076,12.7627,25) (-0.646752,0.0965651,-0.756562)
(-14.6334,1.2697,25) (0.786343,0.463525,-0.408423)
(-3.62263,2.96352,25) (0.878507,0.174078,-0.444885)
(-17.3546,17.2868,25) (-0.188655,0.384427,-0.903673)
(1.97554,-20.7499,25) (0.457279,-0.0857428,-0.88518)
(11.5013,-0.657654,25) (0.868565,-0.0299962,-0.494667)
(-7.72466,14.4646,25) (-0.199833,-0.687054,-0.698587)
(-13.022,-14.3037,25) (-0.504731,0.464305,-0.727782)
(21.0465,9.9428,25) (-0.553666,0.828502,-0.0838949)
(-19.9923,10.256,25) (0.480272,0.296934,-0.82533)
(-7.93706,21.662,25) (0.402005,0.166821,-0.900312)
(23.1069,18.3683,25) (-0.609966,0.636419,-0.472137)
(-21.9414,21.9049,25) (-0.34464,0.535119,-0.771279)
(-0.160963,-16.6645,25) (-0.713638,-0.600117,-0.36136)
(2.44401,-23.985,25) (-0.884285,0.214662,-0.414682)
(8.852,16.9192,25) (-0.599659,0.293276,-0.744579)
(-14.6705,-0.751686,25) (0.393527,0.598104,-0.698146)
(8.68117,-23.2419,25) (0.0825874,0.443153,-0.892634)
(-22.4187,12.154,25) (0.518801,-0.778758,-0.352678)
(19.3278,7.59202,25) (0.42185,-0.483101,-0.76724)
(19.0021,4.59649,25) (0.172449,-0.0793866,-0.981814)
(20.4723,-18.6176,25) (0.707653,0.685748,-0.170226)
(-8.12519,-22.6023,25) (-0.77561,0.0966713,-0.623766)
(16.7473,13.7857,25) (0.849748,-0.435441,-0.297185)
(1.11436,18.8733,25) (-0.982598,0.0197191,-0.184696)
(9.86146,8.85248,25) (0.587292,-0.226091,-0.777156)
(-24.0012,2.89495,25) (0.126364,0.503259,-0.854846)
(22.9462,13.795,25) (-0.36911,0.770161,-0.520202)
(-21.4185,12.4248,25) (-0.222577,0.0652242,-0.972731)
(-9.63697,1.86394,25) (0.121498,0.720213,-0.683031)
(7.06701,17.2901,25) (0.435793,0.88274,-0.175653)
(11.9942,6.27459,25) (0.767673,0.0947018,-0.633806)
(1.16336,10.4721,25) (-0.307562,0.580615,-0.753851)
(14.8837,16.6354,25) (-0.929959,-0.352532,-0.10439)
(7.33497,-1.5054,25) (0.559509,0.81459,-0.152946)
(-7.15832,23.1583,25) (-0.811892,-0.327139,-0.48354)
(-14.9344,-10.8491,25) (0.774245,-0.513687,-0.369689)
(-9.3357,-11.8394,25) (-0.000393902,-0.61375,-0.7895)
(15.356,4.07573,25) (0.438132,-0.764378,-0.473041)
(-7.94304,-18.7809,25) (-0.578913,0.752465,-0.314097)
(-15.5255,3.23576,25) (0.724535,0.593591,-0.350283)
(16.125,-11.0112,25) (0.452143,0.685362,-0.570829)
(-15.1669,19.8886,25) (-0.950391,-0.132434,-0.281456)
(24.0846,-0.0384053,25) (-0.785412,0.618627,-0.020689)
(-21.7382,-4.23677,25) (0.319086,-0.817969,-0.478655)
(0.252563,6.73862,25) (0.267776,-0.191389,-0.944281)
(-5.63889,4.66461,25) (-0.727167,-0.60232,-0.3293)
(-4.07084,-24.9916,25) (-0.225437,0.899332,-0.374674)
(-10.4601,-15.4303,25) (-0.0861534,-0.994244,-0.0636844)
(11.9873,-20.9284,25) (-0.505857,-0.668819,-0.544785)
(-17.655,-18.7231,25) (-0.388763,0.84009,-0.378301)
(6.08129,20.0855,25) (0.77388,0.622608,-0.116058)
(21.7704,-8.90471,25) (0.655029,0.59201,-0.469534)
(19.4762,17.3174,25) (-0.713519,-0.165241,-0.680872)
(-24.6922,-10.9079,25) (0.794325,0.601538,-0.084853)
(4.79569,-13.7819,25) (-0.565491,-0.151334,-0.810751)
(-20.9555,-0.384108,25) (0.766199,0.4718,-0.436284)
(-6.53408,23.4118,25) (-0.0357256,0.863202,-0.503594)
(-1.22031,9.1735,25) (-0.872337,0.224599,-0.434262)
(19.475,14.4894,25) (-0.547656,0.835745,-0.0400319)
(-21.1717,-15.6011,25) (-0.0414431,0.743135,-0.667857)
(-20.8897,-19.7766,25) (-0.0442286,0.968091,-0.246665)
(-2.46193,13.9474,25) (0.118503,0.297462,-0.947351)
(3.88622,-20.9696,25) (-0.711834,-0.530227,-0.4606)
(1.80189,-5.85713,25) (-0.703599,0.371266,-0.605895)
(-5.82918,10.0239,25) (0.414525,-0.69642,-0.585805)
(15.656,-2.83943,25) (-0.895278,-0.259279,-0.362287)
(5.75303,21.2999,25) (0.926225,-0.30213,-0.225443)
(4.78522,-15.0231,25) (-0.348159,0.75827,-0.551192)
(4.70281,2.33163,25) (0.679211,-0.713709,-0.171148)
(-7.76094,-21.4769,25) (0.356158,-0.90047,-0.249611)
(9.18146,22.5289,25) (-0.00478531,0.908123,-0.418676)
(-21.3907,-3.68156,25) (-0.2224,0.637564,-0.737598)
(-3.28466,24.4858,25) (0.691753,-0.435154,-0.576298)
(-8.74744,21.3724,25) (-0.34845,0.591557,-0.727079)
(24.1145,-17.8732,25) (-0.762004,-0.34677,-0.5469)
(-1.8033,0.490454,25) (-0.36874,-0.258559,-0.892848)
(-2.17428,-24.8308,25) (-0.146938,-0.633898,-0.759331)
(-10.9087,19.4218,25) (0.479857,0.245,-0.842444)
(14.1068,9.00197,25) (-0.9263,-0.230237,-0.298261)
(22.6734,17.5479,25) (0.335507,-0.285626,-0.897693)
(23.8637,11.0276,25) (0.229053,-0.104099,-0.967832)
(-6.20608,-9.3329,25) (0.902161,-0.0653179,-0.426426)
(-5.68011,-16.0788,25) (0.366787,-0.8099,-0.457743)
(13.3883,3.8632,25) (0.316778,-0.80187,-0.506613)
(-7.30724,19.3394,25) (0.226484,0.495711,-0.838436)
(-4.71854,-1.27217,25) (0.257758,-0.495774,-0.829318)
(-16.951,4.62164,25) (0.0167291,0.792701,-0.609381)
(8.78327,-5.38195,25) (0.790493,0.525341,-0.314861)
(-16.7336,6.69942,25) (-0.0337169,-0.997126,-0.0678384)
(1.12334,11.651,25) (-0.408145,-0.901793,-0.142079)
(-6.433,-11.1058,25) (-0.0172939,0.543475,-0.839247)
(-22.6142,8.1492,25) (-0.0233028,-0.360061,-0.932638)
(7.91994,-17.6498,25) (0.74012,-0.639899,-0.206766)
(-20.9602,22.5034,25) (0.986331,0.164722,-0.0041039)
(-23.7673,22.006,25) (-0.414815,-0.775413,-0.476092)
(16.4434,-7.7676,25) (0.92563,0.374578,-0.0538484)
(-2.70768,-15.947,25) (-0.893187,0.43128,-0.127338)
(19.9095,-21.658,25) (-0.898543,-0.294125,-0.325746)
(-0.740882,4.02701,25) (0.860489,-0.383003,-0.335957)
(2.46347,1.53007,25) (0.630949,0.0851851,-0.771133)
(-20.944,-19.6706,25) (-0.336325,0.546405,-0.767025)
(-8.60617,-21.135,25) (0.00386848,-0.652098,-0.758125)
(-15.3484,15.6153,25) (-0.0045598,0.0351201,-0.999373)
(19.7439,2.2808,25) (0.533419,-0.669156,-0.517393)
(-14.0577,23.2161,25) (0.216437,0.699412,-0.681159)
(-18.5482,14.0764,25) (-0.726516,0.2738,-0.630244)
(-2.83011,-0.468542,25) (-0.746897,-0.648126,-0.148585)
(23.6243,-16.7122,25) (0.661229,0.722183,-0.203049)
(19.909,11.5793,25) (0.559152,0.581029,-0.591401)
(9.76915,4.56048,25) (-0.349723,-0.380926,-0.855914)
(5.69034,16.0446,25) (-0.0917958,-0.28192,-0.955036)
(-21.4348,-10.402,25) (0.94758,-0.226374,-0.225492)
(23.572,0.543254,25) (0.798034,0.566352,-0.20588)
(-6.62825,-3.70981,25) (-0.379156,-0.555544,-0.740008)
(-20.4123,-4.29836,25) (0.501856,-0.00226226,-0.864948)
(10.1295,21.9803,25) (-0.430124,-0.482373,-0.763092)
(-17.1272,-2.60111,25) (0.709516,0.611088,-0.350939)
(3.47828,-16.8514,25) (-0.889159,-0.137513,-0.436448)
(-9.19387,19.8245,25) (0.82782,0.310483,-0.467242)
(-4.64206,1.52256,25) (0.30658,-0.660895,-0.685001)
(13.9579,24.8548,25) (0.182857,0.958656,-0.218042)
(-13.6626,-20.3873,25) (-0.576858,0.433742,-0.692172)
(19.4982,24.7426,25) (0.734549,-0.46724,-0.492061)
(17.8244,14.7473,25) (0.963829,0.107009,-0.244095)
(-24.7842,-15.78,25) (0.643301,0.765449,-0.0158871)
(23.2666,-6.71705,25) (-0.401055,-0.656665,-0.638706)
(-6.95297,-24.8579,25) (-0.200043,0.807518,-0.554886)
(-13.4663,-19.3349,25) (-0.780953,0.242093,-0.575763)
(21.1036,-7.02997,25) (-0.708544,-0.115201,-0.6962)
(16.2009,24.7292,25) (-0.602457,-0.382593,-0.700477)
(11.106,14.698,25) (-0.980247,-0.0619386,-0.187826)
(-10.4446,-19.3677,25) (-0.188728,0.955896,-0.225044)
(-3.25362,-10.1268,25) (-0.762116,-0.243292,-0.59999)
(-18.4322,21.4643,25) (0.221886,0.912304,-0.344192)
(-9.35435,20.1009,25) (-0.783325,0.575373,-0.23526)
(-21.3479,12.7428,25) (0.778149,0.437646,-0.450501)
(-15.4282,9.14447,25) (-0.103379,0.269653,-0.957392)
(4.1883,-6.52368,25) (-0.313389,0.730921,-0.606252)
(21.0521,-16.2131,25) (-0.34474,-0.374012,-0.86097)
(14.1231,4.78517,25) (0.305951,0.558946,-0.770696)
(18.8291,6.80202,25) (-0.78649,0.348089,-0.510164)
(3.05582,4.29133,25) (-0.127874,-0.670205,-0.731077)
(3.44305,-6.68291,25) (0.605967,0.631845,-0.483296)
(-7.51464,-21.5367,25) (0.153806,-0.0961836,-0.983409)
(19.3714,9.85664,25) (-0.873891,-0.485183,-0.0301891)
(3.51979,-9.88639,25) (0.515928,0.0739234,-0.853436)
(1.23563,-16.2264,25) (0.279104,-0.951339,-0.130597)
(14.0713,1.87448,25) (0.367708,-0.864448,-0.342812)
(21.5172,22.4533,25) (-0.627076,0.299235,-0.71919)
(-0.171319,15.1497,25) (0.147127,0.917586,-0.36931)
(7.8919,11.1271,25) (-0.533816,0.427858,-0.729368)
(19.4638,6.61812,25) (0.0962511,-0.135904,-0.986035)
(-8.49879,-20.4417,25) (0.697555,-0.492537,-0.520408)
(-4.29939,-18.9268,25) (-0.518937,0.781294,-0.34682)
(-18.8525,6.99504,25) (0.847901,-0.154726,-0.507073)
(16.6825,11.0895,25) (-0.214341,0.137807,-0.966989)
(10.5361,4.29864,25) (-0.80337,-0.368528,-0.467742)
(19.5358,-16.3226,25) (-0.471207,-0.666456,-0.577754)
(-14.9581,-6.36268,25) (-0.539227,0.842076,-0.0119375)
(23.3075,16.8702,25) (-0.152516,-0.111426,-0.981999)
(20.2768,16.7922,25) (0.415481,-0.141785,-0.898483)
(-22.0639,6.77807,25) (0.806738,-0.540634,-0.238513)
(13.7861,5.57534,25) (-0.119342,-0.514778,-0.848976)
(-1.09559,5.05621,25) (-0.377239,0.751596,-0.541105)
(-8.4224,-24.1631,25) (-0.846282,-0.40377,-0.34753)
(-17.2908,11.9621,25) (0.482426,-0.0208337,-0.875689)
(-19.692,-6.68457,25) (-0.67489,-0.259503,-0.690784)
(3.11143,6.73338,25) (-0.987407,0.034313,-0.154432)
(-7.61313,-15.3849,25) (-0.745714,-0.463774,-0.478356)
(-7.63985,-16.5741,25) (0.553603,-0.282852,-0.783274)
(-21.6261,-15.837,25) (-0.921938,0.161656,-0.351992)
(-9.69918,5.38639,25) (-0.71468,-0.542473,-0.441538)
(-7.9817,11.527,25) (0.231644,0.9728,-0.000768466)
(15.2215,3.77993,25) (-0.524724,-0.755899,-0.391511)
(0.0450534,0.251676,25) (0.460804,0.836095,-0.297667)
(23.3219,-2.35211,25) (0.740508,-0.670142,-0.0505811)
(-24.1666,4.96891,25) (-0.426223,0.726407,-0.539135)
(1.29175,-2.04096,25) (-0.780958,-0.52921,-0.331725)
(20.6175,-0.701176,25) (0.00241875,-0.918566,-0.395261)
(-0.0473881,-24.8183,25) (-0.256159,0.429688,-0.865882)
(-13.5115,-6.45252,25) (-0.651742,-0.720722,-0.236203)
(-16.5308,21.6227,25) (0.560305,0.201856,-0.803314)
(-21.9031,-10.9629,25) (0.963603,-0.262486,-0.0507028)
(-8.6938,3.33481,25) (-0.245359,-0.966439,-0.0761238)
(11.9711,6.8118,25) (0.193852,-0.628966,-0.752877)
(5.70315,-11.3695,25) (0.271187,0.14355,-0.951762)
(-19.5229,13.4773,25) (0.331223,0.157404,-0.930331)
(0.885762,22.7021,25) (0.78574,-0.614761,-0.0684219)
(-5.15152,0.0699506,25) (-0.853424,0.423312,-0.304095)
(-17.8194,1.11037,25) (0.0649459,0.0922681,-0.993614)
(-9.07489,22.961,25) (-0.319356,-0.884895,-0.339077)
(9.56276,-0.789397,25) (0.800692,-0.590532,-0.10082)
(4.44664,-15.8196,25) (-0.805645,0.567854,-0.168756)
(-14.2382,22.6477,25) (-0.280904,-0.780433,-0.558585)
(24.2514,0.520357,25) (0.836095,-0.543619,-0.0736471)
(19.9301,6.28036,25) (0.399317,0.710617,-0.579283)
(20.1576,-1.24246,25) (0.339258,0.387325,-0.857253)
(-20.9401,10.2568,25) (-0.0675207,0.0960723,-0.993082)
(-17.7166,-17.4355,25) (0.176118,0.807522,-0.56293)
(16.7487,7.27849,25) (0.952939,-0.108008,-0.28327)
(4.28907,1.95942,25) (-0.0873018,-0.0515765,-0.994846)
(14.1822,-22.815,25) (-0.510779,-0.65348,-0.558631)
(6.3771,6.84689,25) (0.604627,-0.705323,-0.370062)
(20.6124,22.8139,25) (0.0707395,0.427467,-0.901259)
(9.17447,19.504,25) (-0.277233,-0.171037,-0.945457)
(24.628,-9.28296,25) (-0.625287,0.470799,-0.622386)
(-24.3763,-12.5133,25) (0.693559,0.680949,-0.235128)
(17.6976,-18.7902,25) (0.983359,-0.0256793,-0.179851)
(13.937,-8.51223,25) (-0.57406,-0.768463,-0.2827)
(19.708,-20.0835,25) (0.907778,-0.418258,-0.0315974)
(-19.1395,6.25951,25) (-0.879703,-0.208395,-0.427427)
(-14.1281,-7.60262,25) (0.308698,-0.409898,-0.858306)
(17.7662,-10.4818,25) (0.194923,0.654742,-0.730286)
(5.88791,9.26691,25) (0.846621,-0.37163,-0.380951)
(-7.65297,5.6236,25) (0.0850791,0.799379,-0.594773)
(-8.55486,15.8606,25) (-0.317423,-0.449366,-0.835052)
(4.45562,9.55612,25) (0.329231,-0.938515,-0.103907)
(15.1554,21.3684,25) (-0.649355,-0.729606,-0.214506)
(19.3308,-13.0422,25) (-0.774013,0.594798,-0.21707)
(-11.6384,-0.0440426,25) (0.124046,0.922398,-0.365779)
(-17.6413,2.50573,25) (0.958074,0.184846,-0.218921)
(19.9614,-10.8984,25) (0.63303,-0.77267,-0.0474749)
(-8.9376,-10.7982,25) (-0.689042,-0.689446,-0.22335)
(-23.4432,-0.626324,25) (0.324526,0.943799,-0.0626621)
(-1.11607,14.8196,25) (-0.307925,0.777616,-0.548176)
(-22.0028,-3.00616,25) (0.124782,0.96944,-0.211223)
(-15.174,-20.6373,25) (0.865502,-0.466223,-0.183149)
(-4.73601,3.87277,25) (0.482766,0.790513,-0.376864)
(0.18223,-8.78077,25) (0.739278,0.488404,-0.463604)
(-3.69625,-16.6475,25) (0.975276,0.132577,-0.176804)
(-9.04971,16.5908,25) (-0.82542,-0.560482,-0.0673909)
(-8.60699,-1.87204,25) (0.207929,0.368717,-0.905987)
(6.7505,22.4318,25) (-0.234145,0.783438,-0.575675)
(14.9703,22.4952,25) (0.613554,0.484306,-0.623698)
(16.4517,-4.30427,25) (-0.796035,0.497394,-0.344859)
(24.8223,-16.3483,25) (-0.774715,0.399234,-0.490335)
(-12.119,3.59836,25) (0.597465,-0.618714,-0.510126)
(0.302563,-15.5606,25) (0.706362,-0.535316,-0.46313)
(-11.0321,9.35424,25) (0.797511,-0.317759,-0.51284)
(-9.16476,-9.25987,25) (0.482149,-0.563926,-0.670462)
(18.4606,2.75112,25) (0.695744,-0.497301,-0.518297)
(15.9559,15.8482,25) (-0.465514,-0.884901,-0.0157199)
(-20.2755,21.3161,25) (0.360198,0.883123,-0.300585)
(-18.6941,19.1166,25) (-0.260473,0.734673,-0.626426)
(1.3631,6.39472,25) (-0.0717687,0.137635,-0.98788)
(12.2939,21.4347,25) (0.938231,-0.34495,-0.0270693)
(3.73125,-4.02139,25) (-0.257642,0.827132,-0.499473)
(14.8901,-11.4971,25) (-0.173211,-0.172396,-0.969679)
(14.3736,-19.8361,25) (-0.403494,-0.371721,-0.836072)
(7.51042,-17.4447,25) (0.0812988,-0.127476,-0.988504)
(-5.66607,7.99773,25) (-0.926564,-0.317236,-0.202088)
(13.9703,-6.11757,25) (0.804271,0.522447,-0.283191)
(20.9175,-23.8751,25) (0.854146,-0.436123,-0.283253)
(-12.7501,-18.3013,25) (0.457257,0.544395,-0.703243)
(24.5429,16.0829,25) (0.059985,-0.986409,-0.152968)
(-11.715,-9.66218,25) (0.976663,0.159103,-0.144275)
(-23.7748,13.1032,25) (0.0941263,-0.949533,-0.29921)
(-11.5493,-10.3885,25) (0.679666,-0.592118,-0.432956)
(-8.96195,-5.49565,25) (-0.273532,-0.814424,-0.511756)
(-7.06618,-7.96132,25) (0.269626,-0.845651,-0.460626)
(-14.584,12.9902,25) (0.907614,-0.0528669,-0.416464)
(-13.9255,-4.17384,25) (0.188626,-0.159936,-0.968938)
(12.2768,-6.75069,25) (-0.109755,0.283312,-0.952727)
(2.51541,5.76956,25) (0.607763,0.216406,-0.764063)
(-16.5824,15.9827,25) (-0.621739,-0.452161,-0.639524)
(5.12832,17.9038,25) (0.12459,0.47728,-0.869874)
(-0.151621,-21.2451,25) (-0.0505285,-0.973388,-0.223525)
(-0.106539,7.29069,25) (0.764323,0.471883,-0.439472)
(-23.3193,4.8291,25) (-0.551493,-0.0552543,-0.832347)
(9.41277,-14.7997,25) (-0.274066,-0.733569,-0.621903)
(-11.7725,24.0877,25) (-0.533352,-0.73115,-0.425388)
(-23.6149,23.8992,25) (-0.56569,0.380559,-0.731553)
(-6.44964,9.12879,25) (0.376511,-0.728839,-0.571868)
(19.5844,15.8981,25) (0.924601,-0.379407,-0.0341088)
(5.97471,-22.5705,25) (0.226216,0.328085,-0.917162)
(-24.7573,4.62608,25) (0.542237,-0.357611,-0.760324)
(19.7325,4.26756,25) (0.889361,-0.309763,-0.33628)
(3.42279,18.0626,25) (0.312861,0.59285,-0.742056)
(4.41889,22.4417,25) (-0.481189,0.611053,-0.628547)
(-9.41096,-4.45042,25) (0.0956041,-0.993335,-0.0643872)
(14.5448,1.11566,25) (-0.629589,-0.474769,-0.61499)
(-2.94128,-19.8059,25) (-0.0499479,0.979989,-0.192682)
(21.2588,-7.72912,25) (-0.401058,0.84045,-0.364412)
(-19.8661,-14.3829,25) (-0.568704,0.747161,-0.343986)
(-22.7251,-23.2497,25) (-0.710453,-0.129082,-0.691805)
(-4.94951,12.6807,25) (0.269012,0.829669,-0.489164)
(4.59044,14.1494,25) (-0.675898,-0.249554,-0.693458)
(24.7481,-20.4249,25) (0.24302,-0.134784,-0.960612)
(-12.4986,-10.4155,25) (-0.334927,0.863829,-0.37633)
(14.9297,21.6049,25) (-0.493329,-0.17333,-0.852399)
(0.390546,18.0964,25) (-0.595327,-0.780017,-0.192769)
(-16.5555,2.30087,25) (0.521329,0.40795,-0.749529)
(-3.43836,-2.68301,25) (0.616457,-0.0151209,-0.787243)
(14.4785,23.0041,25) (-0.287062,-0.619363,-0.730743)
(-8.85032,16.2859,25) (-0.153935,-0.824057,-0.545191)
(9.28801,3.26529,25) (-0.745934,-0.660256,-0.0874314)
(7.10693,2.90886,25) (-0.599225,0.290018,-0.746203)
(19.5017,21.1124,25) (-0.271818,0.266306,-0.924768)
(-9.70024,12.4613,25) (-0.623804,0.595721,-0.50595)
(-18.9907,-1.93647,25) (0.122129,0.0387081,-0.991759)
(-7.49951,22.3074,25) (0.550789,-0.260894,-0.792822)
(8.35283,4.90667,25) (0.878438,-0.47059,-0.0830155)
(-18.3024,5.70017,25) (0.676597,-0.183803,-0.713045)
(-11.7099,-19.2286,25) (0.768318,-0.32679,-0.550359)
(-6.59697,-13.951,25) (0.854293,0.519135,-0.0261087)
(2.04244,-15.7693,25) (-0.591645,-0.789079,-0.165258)
(-24.0338,-2.89337,25) (-0.546342,0.83755,-0.00449675)
(-6.27735,-3.79057,25) (-0.387282,-0.632349,-0.67093)
(22.8013,-16.0669,25) (0.559914,-0.82429,-0.0839114)
(-18.0246,-22.6312,25) (-0.714599,-0.227254,-0.661592)
(9.26052,7.1925,25) (0.255774,0.921415,-0.292531)
(23.4748,-21.3682,25) (0.0284727,0.43948,-0.897801)
(1.7792,14.5421,25) (0.715593,0.526637,-0.45889)
(-19.3925,-16.8811,25) (-0.512508,-0.494554,-0.701962)
(-11.2874,1.73367,25) (-0.978401,-0.0308029,-0.204406)
(16.1465,17.9328,25) (-0.365944,0.836091,-0.408701)
(-9.48623,-16.3406,25) (-0.339514,-0.940589,-0.00478175)
(23.7897,-4.62141,25) (0.458797,0.77176,-0.440331)
(21.7117,-2.48678,25) (0.305746,0.606994,-0.733538)
(13.4786,-0.0389475,25) (-0.691281,0.642896,-0.329873)
(-22.8383,-22.5838,25) (-0.312834,-0.517868,-0.796208)
(17.1442,16.5633,25) (-0.151386,0.580197,-0.800284)
(-12.8569,-24.231,25) (-0.745955,0.218702,-0.629063)
(-9.50675,-15.1331,25) (-0.356698,-0.523284,-0.773912)
(22.0097,18.9679,25) (-0.265306,0.823682,-0.50116)
(-20.6416,-6.97221,25) (-0.504574,0.630359,-0.58996)
(17.2387,-4.01489,25) (0.269641,-0.352524,-0.896114)
(11.3387,-17.2183,25) (-0.476281,0.683294,-0.553413)
(18.9829,-15.3358,25) (-0.956337,-0.282841,-0.0736289)
(22.4772,-11.625,25) (0.683214,-0.302341,-0.664687)
(0.153425,2.10173,25) (-0.814176,-0.37694,-0.441626)
(10.9327,14.3266,25) (-0.36101,-0.636149,-0.681899)
(-23.5422,-3.98293,25) (-0.896868,-0.411521,-0.162106)
(11.0594,3.81848,25) (0.502918,-0.153266,-0.850637)
(-16.5949,16.6648,25) (-0.224816,0.691562,-0.68644)
(-8.85824,11.6896,25) (-0.170615,0.959164,-0.2256)
(-14.0675,-11.6128,25) (-0.788215,0.488352,-0.374472)
(-23.9184,-1.98046,25) (0.468666,0.601764,-0.646709)
(-11.4442,8.7287,25) (0.717036,-0.149248,-0.68087)
(11.5344,-4.13867,25) (0.456138,-0.245691,-0.855321)
(6.34843,-5.18941,25) (0.91576,-0.376822,-0.13924)
(23.9023,-22.2266,25) (0.651971,-0.206089,-0.729699)
(-7.91672,-10.355,25) (-0.131613,-0.98354,-0.123799)
(-7.5603,20.6346,25) (-0.273536,-0.538786,-0.796798)
(6.23043,17.307,25) (-0.900646,0.434492,-0.00726587)
(17.821,11.8251,25) (0.745958,-0.312196,-0.588285)
(14.7463,-23.4764,25) (-0.175702,-0.0345357,-0.983837)
(18.9446,-22.8496,25) (0.0157858,-0.858408,-0.512725)
(2.79454,-10.3716,25) (0.164137,0.0587923,-0.984684)
(24.1444,-22.8967,25) (0.928618,-0.0298933,-0.369831)
(0.539535,12.1575,25) (-0.185284,-0.195564,-0.963029)
(-21.5601,16.7744,25) (-0.467731,0.425155,-0.774901)
(-1.99542,-15.0957,25) (-0.584088,0.679553,-0.443903)
(7.29371,-24.9345,25) (-0.00154194,0.999109,-0.0421723)
(1.35589,12.2218,25) (0.350502,0.501426,-0.791025)
(5.22318,-8.66706,25) (-0.141077,-0.679364,-0.720112)
(-9.39312,18.3586,25) (-0.727468,-0.685245,-0.0350533)
(-20.4718,20.2239,25) (-0.427455,-0.867747,-0.253571)
(7.05795,-17.8595,25) (0.390514,-0.242808,-0.888)
(-7.12014,-18.6903,25) (0.677637,0.70081,-0.222874)
(-5.27615,-8.69435,25) (-0.263707,0.662953,-0.70068)
(10.7646,-20.8899,25) (0.543439,-0.682482,-0.488766)
(-3.82501,-15.7447,25) (0.634465,-0.668832,-0.387451)
(1.67026,7.49913,25) (0.0647531,-0.997897,-0.00309066)
(-1.49401,6.71231,25) (0.673346,-0.342946,-0.654976)
(20.5537,-12.5831,25) (-0.821857,-0.550884,-0.145182)
(-8.70856,-17.5044,25) (-0.89721,-0.231183,-0.376255)
(-10.247,18.2453,25) (0.490312,0.7768,-0.395191)
(-0.319479,18.8425,25) (-0.0680992,0.702426,-0.708491)
(-8.73145,-8.364,25) (-0.475354,0.382667,-0.792215)
(-9.45308,12.3487,25) (0.486769,0.818155,-0.306068)
(-24.0572,-9.16252,25) (0.371942,-0.891569,-0.258386)
(20.3837,-12.8121,25) (0.841019,0.528289,-0.116608)
(-4.36738,-7.0618,25) (-0.462369,0.821595,-0.333462)
(11.6016,19.4523,25) (-0.249052,-0.959658,-0.130495)
(10.1296,20.9188,25) (0.163218,-0.129555,-0.978047)
(6.01517,-7.58723,25) (-0.150629,0.981649,-0.116944)
(0.144463,-3.81479,25) (-0.745131,-0.564759,-0.354721)
(10.876,22.674,25) (-0.184744,0.968649,-0.1661)
(-6.91441,-17.9762,25) (0.880343,0.473119,-0.0339863)
(21.2582,8.15428,25) (0.391806,-0.636067,-0.66476)
(9.53232,-10.6916,25) (-0.615574,0.787382,-0.0331461)
(3.75184,-4.51146,25) (0.52457,-0.838319,-0.148486)
(-14.4111,-23.7553,25) (-0.110719,-0.217741,-0.969706)
(3.02245,22.8755,25) (-0.69851,0.0858227,-0.710435)
(-16.816,9.23298,25) (-0.500219,-0.524749,-0.688781)
(1.7487,9.03451,25) (-0.390762,0.778781,-0.49072)
(-9.21365,-5.37501,25) (-0.92313,-0.0420487,-0.382182)
(-3.00508,18.4936,25) (-0.708713,0.288865,-0.643648)
(-21.403,-16.6407,25) (-0.0508945,-0.788972,-0.612318)
(6.59382,16.7373,25) (-0.199626,-0.243233,-0.949203)
(9.68915,-18.0275,25) (-0.571198,-0.263755,-0.777282)
(-3.0848,-7.94957,25) (-0.0938127,-0.410441,-0.907049)
(24.0618,9.59059,25) (-0.499219,0.840752,-0.209564)
(7.87121,-1.80439,25) (-0.678953,0.726918,-0.103017)
(4.59075,-9.90308,25) (0.242717,-0.42507,-0.872011)
(9.9244,-12.5776,25) (0.987986,0.14834,-0.0433531)
(-12.7435,22.6986,25) (0.76096,-0.438546,-0.47814)
(6.33091,-12.9391,25) (-0.142046,-0.515485,-0.845043)
(7.51901,5.34458,25) (-0.512797,-0.545259,-0.663123)
(22.4545,1.18856,25) (0.25934,-0.0627612,-0.963745)
(16.118,-16.9341,25) (0.372552,0.56664,-0.734932)
(-11.3783,12.0071,25) (-0.929288,-0.364484,-0.0597877)
(12.7747,-0.674221,25) (-0.44042,-0.702777,-0.558691)
(-18.3927,-17.1964,25) (-0.227475,0.916045,-0.330327)
(6.97545,-11.238,25) (0.832239,-0.542241,-0.115552)
(-24.4993,19.2636,25) (0.115205,-0.300848,-0.946688)
(-0.802961,-5.41141,25) (-0.948823,-0.315802,-0.00195456)
(-16.6468,23.1101,25) (0.667724,-0.618611,-0.414083)
(10.323,-9.61195,25) (0.42498,0.1615,-0.890679)
(9.48779,-19.5308,25) (-0.52889,0.84698,-0.0538489)
(3.31472,-22.5624,25) (0.804377,0.593942,-0.0145101)
(-10.7423,2.96997,25) (0.574901,-0.269398,-0.772602)
(-23.6926,13.1907,25) (0.502682,-0.653956,-0.565378)
(-22.595,-6.58925,25) (-0.128989,0.979158,-0.156879)
(11.4638,-3.47707,25) (0.426564,-0.48648,-0.762483)
(11.9549,-16.7623,25) (0.0752645,0.838128,-0.540256)
(-5.01204,-0.42625,25) (-0.878297,0.419113,-0.230083)
(-24.2937,-20.6384,25) (-0.304498,0.151796,-0.94034)
(0.823492,19.8217,25) (-0.214602,-0.724658,-0.654841)
(14.0643,-23.3078,25) (0.460755,-0.163761,-0.872289)
(4.11402,-24.2868,25) (-0.200694,0.850234,-0.486646)
(-2.35795,13.7732,25) (0.981015,-0.153777,-0.118164)
(14.2333,16.0734,25) (-0.18571,0.9297,-0.318072)
(-23.5736,-1.17332,25) (0.299696,0.818118,-0.490781)
(-5.28933,21.0536,25) (-0.129787,-0.596969,-0.791697)
(-13.5333,22.3682,25) (0.864987,-0.431249,-0.256555)
(13.1121,7.47865,25) (-0.255879,0.149172,-0.95513)
(6.80023,-23.8532,25) (-0.823666,-0.512596,-0.242525)
(18.3204,0.644295,25) (0.522124,0.782979,-0.338128)
(22.2405,2.72057,25) (-0.584434,-0.350134,-0.732013)
(-7.02682,17.4899,25) (0.191464,0.132487,-0.972517)
(-0.606418,19.5175,25) (0.551101,0.24003,-0.79917)
(6.33832,-1.99339,25) (0.469084,0.392651,-0.791066)
(-20.9866,-17.7113,25) (0.949573,-0.280329,-0.140454)
(-9.32253,13.4274,25) (0.213632,-0.826091,-0.521473)
(-21.8705,-15.8194,25) (-0.198069,-0.880685,-0.430304)
(-16.0182,-17.2125,25) (0.246763,0.89631,-0.368423)
(0.0381345,22.4234,25) (0.551799,-0.71414,-0.430723)
(-21.8828,-16.2229,25) (0.490197,0.851064,-0.188138)
(20.2835,6.20115,25) (-0.00421028,0.0634393,-0.997977)
(5.76383,-2.1251,25) (-0.669575,-0.553589,-0.495185)
(18.8951,16.4414,25) (0.708995,-0.628817,-0.319242)
(5.39776,17.593,25) (-0.750956,-0.48625,-0.446796)
(-17.35,5.76969,25) (-0.282936,0.896438,-0.341096)
(23.746,23.9515,25) (0.644172,-0.464951,-0.60734)
(24.4883,8.83379,25) (0.813617,0.23916,-0.529934)
(-5.21873,-8.07295,25) (0.598722,-0.113315,-0.792901)
(10.3699,23.5337,25) (-0.353921,0.190952,-0.915575)
(-21.5236,4.61758,25) (0.180872,-0.921857,-0.342731)
(22.6707,-13.2179,25) (0.70487,0.680088,-0.201589)
(-9.16123,-4.87678,25) (0.706045,-0.339546,-0.621457)
(2.3182,17.471,25) (0.330722,-0.128076,-0.934997)
(-18.0168,-10.6901,25) (-0.363502,0.377155,-0.851834)
(16.2021,7.12112,25) (0.927054,0.0790671,-0.366496)
(-19.2681,-6.32238,25) (-0.249418,0.240208,-0.938132)
(-11.5824,14.0137,25) (-0.280386,0.22897,-0.932178)
(13.6515,-2.23235,25) (-0.700304,-0.713467,-0.0232284)
(6.95219,11.1976,25) (-0.55523,0.267745,-0.787421)
(3.92153,12.0484,25) (-0.270321,0.947091,-0.173049)
(8.93692,-24.3868,25) (-0.334953,0.330228,-0.882472)
(-10.1641,8.34945,25) (-0.299785,-0.77097,-0.561902)
(17.3673,-9.50943,25) (-0.659552,0.454928,-0.598358)
(17.7322,-17.0957,25) (-0.0739853,0.221026,-0.972458)
(10.2972,-19.7832,25) (0.469569,0.216436,-0.855956)
(-7.7757,9.95456,25) (-0.370298,0.168303,-0.913539)
(20.8946,20.4969,25) (0.307484,0.942985,-0.127409)
(-1.64826,12.8219,25) (-0.78424,0.603195,-0.145339)
(16.0208,7.45748,25) (0.913833,-0.37866,-0.146717)
(-5.48099,-3.57784,25) (0.473786,-0.845877,-0.244986)
(20.3289,-17.7315,25) (0.199235,-0.177664,-0.963712)
(4.63475,4.85524,25) (0.766086,0.437625,-0.470741)
(-21.2263,-23.8234,25) (-0.0677026,-0.185064,-0.980392)
(6.00238,21.661,25) (0.171224,0.923947,-0.342059)
(15.2742,24.5108,25) (-0.770149,-0.426222,-0.474557)
(-15.6431,-22.4076,25) (0.0314818,0.897579,-0.439728)
(18.8661,-1.83745,25) (0.0738737,0.585228,-0.807497)
(10.1234,-6.69393,25) (-0.12636,-0.924325,-0.360079)
(20.8175,23.0989,25) (-0.547273,-0.727215,-0.414308)
(18.1326,21.3633,25) (0.802571,-0.308907,-0.510348)
(4.65571,20.4163,25) (0.854686,-0.113992,-0.506476)
(-7.39618,3.20591,25) (-0.809592,0.541513,-0.226549)
(-0.784717,6.32421,25) (-0.179898,0.975004,-0.130399)
(11.3436,20.8634,25) (-0.12203,0.593389,-0.795612)
(20.7691,20.5595,25) (-0.637785,0.766489,-0.0756696)
(14.0197,10.9165,25) (0.794395,0.210733,-0.569673)
(-6.78715,7.33326,25) (0.488283,0.863125,-0.12882)
(-4.62708,19.1088,25) (-0.313396,0.0377377,-0.948872)
(8.8482,14.8623,25) (-0.60115,0.756749,-0.256806)
(-11.3917,10.4006,25) (-0.726505,0.0363679,-0.686198)
(-5.89892,17.4578,25) (-0.136287,-0.989487,-0.0483816)
(18.4309,-10.7626,25) (-0.571762,-0.306189,-0.761142)
(-4.77135,-7.32019,25) (0.97795,-0.157144,-0.137545)
(20.4957,19.3147,25) (-0.182735,-0.642222,-0.744419)
(-12.6885,1.58862,25) (-0.322681,0.754283,-0.571781)
(-21.6156,-21.7668,25) (-0.436007,0.121607,-0.891689)
(23.8436,-14.8112,25) (-0.441311,0.779656,-0.444275)
(9.2154,10.4711,25) (0.18596,-0.221491,-0.957267)
(-2.47486,-1.52704,25) (0.0457099,0.0340687,-0.998374)
(-4.96756,-5.63681,25) (-0.573854,-0.344712,-0.742877)
(-15.2946,-24.169,25) (0.0782068,-0.266496,-0.960658)
(-22.5873,-8.56804,25) (0.132044,0.699232,-0.702595)
(-18.4016,-3.15009,25) (0.781884,0.228716,-0.579954)
(-5.46711,-4.56496,25) (0.863756,-0.464782,-0.19469)
(-24.4244,10.0685,25) (-0.567842,-0.469784,-0.675913)
