(-6.69253,18.3124,25) (0.161931,0.843639,-0.51191)
(-0.55868,9.69312,25) (0.34511,0.319403,-0.882542)
(-6.4714,23.0917,25) (-0.918215,-0.0835351,-0.387173)
(24.798,9.31448,25) (-0.653645,0.442557,-0.613915)
(-8.50246,19.1227,25) (-0.2017,0.958313,-0.202367)
(-23.8597,13.3259,25) (-0.795715,0.595138,-0.112464)
(-24.7939,-7.30311,25) (-0.517664,0.855511,-0.0111797)
(-16.7309,13.2997,25) (0.475273,-0.672085,-0.567818)
(5.77656,5.05159,25) (0.849597,0.450335,-0.27456)
(-21.9541,3.15659,25) (0.763894,0.620576,-0.177062)
(-5.30958,5.13295,25) (0.222286,0.35374,-0.908547)
(-20.6953,-9.43246,25) (0.746601,0.178753,-0.640807)
(-1.35068,3.93607,25) (-0.0790005,0.728544,-0.680428)
(24.335,20.8046,25) (0.769839,-0.622563,-0.14058)
(-2.94651,-24.4965,25) (-0.0799114,-0.750228,-0.656333)
(12.3184,-1.19066,25) (-0.418556,-0.877176,-0.235316)
(23.171,17.4026,25) (0.0608135,0.915651,-0.397348)
(-0.570795,-24.8734,25) (0.620333,-0.672738,-0.403249)
(-2.12862,12.2151,25) (0.253193,-0.256077,-0.932908)
(-16.117,11.4332,25) (-0.956139,-0.18408,-0.227846)
(-19.9095,-5.20879,25) (0.647632,-0.393333,-0.652581)
(-8.84429,2.16341,25) (0.18198,0.710482,-0.679778)
(10.4973,8.25804,25) (-0.123588,0.990342,-0.0628448)
(17.9146,13.7795,25) (-0.854655,0.324814,-0.405045)
(10.1412,19.5522,25) (-0.389955,-0.879539,-0.272665)
(16.1044,17.2057,25) (0.644829,0.444849,-0.621535)
(-10.8418,9.20965,25) (0.893037,0.449655,-0.0172064)
(-23.0472,12.599,25) (0.16622,-0.608674,-0.775814)
(-2.8612,-18.8299,25) (-0.697822,-0.667665,-0.259363)
(23.7408,-24.2806,25) (-0.454434,0.751827,-0.47775)
(22.7946,12.6974,25) (-0.281464,0.874033,-0.396037)
(11.2638,-2.52203,25) (-0.372164,-0.47339,-0.79837)
(24.4994,-20.5927,25) (-0.73984,0.605303,-0.293675)
(3.33211,4.96497,25) (0.81203,-0.114542,-0.572265)
(-15.2045,22.9518,25) (0.174614,0.743211,-0.64587)
(23.5912,-24.5301,25) (-0.933791,-0.0255411,-0.356906)
(9.02415,23.3485,25) (-0.452512,-0.649621,-0.610922)
(4.26518,-3.77534,25) (-0.665154,-0.424826,-0.614079)
(18.0392,12.8547,25) (0.153868,-0.611009,-0.776526)
(12.0648,21.7352,25) (0.617418,0.0600699,-0.784338)
(8.2892,-21.2589,25) (0.444252,0.545238,-0.710884)
(11.1551,-20.8979,25) (0.936726,-0.331547,-0.112346)
(22.2052,-4.92431,25) (0.608544,0.386126,-0.693239)
(3.33779,2.34518,25) (-0.329932,0.754928,-0.566771)
(-17.3063,-15.69,25) (-0.803617,0.330831,-0.494722)
(-18.0591,6.47711,25) (0.296145,-0.184073,-0.937238)
(-14.3214,-24.7313,25) (-0.811039,-0.584055,-0.0330985)
(-15.4697,1.28262,25) (-0.262951,0.836066,-0.481508)
(0.502269,-22.07,25) (0.344801,-0.808659,-0.476637)
(4.55413,2.46308,25) (0.10864,-0.644217,-0.757088)
(16.8398,-17.6609,25) (0.247662,0.924824,-0.288727)
(-18.9588,-1.26251,25) (0.485892,-0.455924,-0.745682)
(3.68978,-1.49315,25) (0.193565,-0.770425,-0.607436)
(-24.5551,-0.0897772,25) (0.071477,0.348828,-0.934457)
(-13.4758,18.5544,25) (0.69958,-0.241699,-0.672435)
(-13.7374,9.23033,25) (-0.841656,0.530278,-0.102083)
(12.6102,24.1416,25) (0.652379,-0.305178,-0.693735)
(-4.27977,8.98501,25) (-0.461438,-0.751298,-0.471832)
(5.26485,7.92403,25) (-0.471295,-0.88032,-0.0540111)
(-21.566,-13.5629,25) (-0.84196,0.539322,-0.0153236)
(-9.39577,21.3306,25) (-0.460324,-0.887538,-0.0194245)
(4.95322,0.501962,25) (-0.836079,-0.135264,-0.531672)
(-20.2743,-7.39802,25) (0.670273,0.736685,-0.0896032)
(16.6441,5.95516,25) (0.436566,0.0157536,-0.899534)
(-13.7756,1.15524,25) (-0.235964,0.843055,-0.4833)
(-17.7834,-15.359,25) (-0.534968,-0.113142,-0.837262)
(4.89658,7.64974,25) (-0.856034,0.038999,-0.515446)
(11.2672,-15.0092,25) (-0.238699,-0.778906,-0.579939)
(21.0956,2.99037,25) (-0.693426,0.156167,-0.703401)
(9.58313,-7.90791,25) (-0.415131,-0.146046,-0.897963)
(1.2997,-7.87904,25) (0.707704,0.702329,-0.0767404)
(17.8748,19.3951,25) (0.801099,0.154963,-0.578123)
(-7.14958,-19.5012,25) (0.248303,-0.0794703,-0.965417)
(-3.37683,15.0367,25) (-0.919837,-0.237174,-0.312487)
(7.66139,-8.86595,25) (-0.17605,0.580448,-0.795038)
(23.2075,-14.7114,25) (0.418775,0.418314,-0.806003)
(-16.8936,1.48445,25) (-0.0847944,-0.24596,-0.965564)
(-18.6969,-14.7206,25) (-0.0764267,0.720096,-0.689652)
(-21.5506,-16.9673,25) (0.555891,0.638327,-0.532469)
(19.0475,-5.9929,25) (-0.0507483,0.934931,-0.351181)
(7.25079,-5.26831,25) (-0.746517,0.613107,-0.25848)
(-12.615,-11.6365,25) (-0.742999,-0.630916,-0.223377)
(-0.602113,20.3364,25) (-0.081708,-0.458827,-0.884761)
(18.8564,-4.48921,25) (-0.988932,0.0811045,-0.124239)
(16.508,-23.3723,25) (0.31096,-0.504088,-0.805729)
(6.06312,3.06132,25) (-0.539355,-0.365351,-0.758693)
(-7.78708,-1.62307,25) (0.578965,0.248154,-0.776672)
(5.88343,-24.1292,25) (-0.186872,0.957468,-0.219851)
(12.2361,-5.31077,25) (0.0865005,-0.163941,-0.98267)
(-2.74703,17.3076,25) (0.12319,-0.510651,-0.850917)
(23.0822,-22.4298,25) (0.747746,0.048559,-0.662206)
(-17.1275,-6.46677,25) (0.0223832,0.998056,-0.0581655)
(9.67417,17.6904,25) (-0.387477,0.16536,-0.906927)
(22.6219,23.119,25) (-0.368529,-0.919525,-0.136602)
(-1.08316,-20.5172,25) (0.250124,-0.544788,-0.800402)
(2.98597,-21.7717,25) (0.0362444,0.999121,-0.0210502)
(24.4018,10.5687,25) (0.894784,-0.34364,-0.285084)
(7.2533,8.94867,25) (-0.394108,0.499223,-0.771658)
(24.9739,8.93401,25) (-0.277236,-0.0593146,-0.958969)
(-22.9635,-12.257,25) (0.555962,-0.0195582,-0.830978)
(-13.4614,-11.7914,25) (0.0869561,-0.88125,-0.464582)
(8.12519,-16.4565,25) (0.044981,-0.990716,-0.128287)
(0.0987122,23.7036,25) (-0.0616743,0.925555,-0.373557)
(17.802,3.43434,25) (-0.670564,-0.73903,-0.064644)
(-12.5682,11.8358,25) (0.117155,-0.81108,-0.573083)
(4.71052,12.4312,25) (-0.946152,0.0335738,-0.321976)
(3.57438,19.8473,25) (0.192155,0.942268,-0.274238)
(-23.8352,-6.47198,25) (-0.704681,-0.0284583,-0.708953)
(16.7953,12.9997,25) (0.646749,-0.616461,-0.4491)
(22.8911,17.0176,25) (-0.212113,0.402968,-0.890295)
(8.50494,10.7185,25) (0.848252,0.490833,-0.198873)
(5.51809,17.235,25) (-0.963686,0.266541,-0.0162776)
(6.14981,15.7243,25) (-0.252793,-0.468851,-0.84633)
(-22.4122,-8.7187,25) (-0.318238,0.15915,-0.934556)
(0.191789,3.62505,25) (0.676691,0.648846,-0.347977)
(24.741,0.246187,25) (0.0302787,0.886736,-0.461284)
(4.69034,-17.4435,25) (-0.290645,0.514677,-0.806618)
(9.7784,-3.09299,25) (0.0333673,0.914765,-0.402606)
(9.03075,-5.40574,25) (0.337445,0.870731,-0.357711)
(16.6049,5.40037,25) (-0.70799,0.680987,-0.1871)
(-14.1994,-16.1302,25) (-0.447441,0.130781,-0.8847)
(-12.1395,1.65099,25) (-0.407807,-0.334744,-0.849494)
(-19.423,19.12,25) (0.570481,-0.781822,-0.251607)
(-11.52,-15.3553,25) (0.0918528,0.941838,-0.32327)
(-17.6993,-7.71797,25) (0.585519,0.303642,-0.751644)
(-7.5109,24.6153,25) (-0.730209,-0.196953,-0.65422)
(19.2099,6.09232,25) (0.153975,0.965445,-0.210256)
(8.30738,-9.18385,25) (0.520228,0.200202,-0.83023)
(-23.7229,10.7711,25) (0.483699,-0.850103,-0.208231)
(2.60458,-13.9676,25) (-0.717086,0.696869,-0.0127295)
(-11.9463,-16.6836,25) (0.0144632,-0.291585,-0.956436)
(11.427,-18.7628,25) (0.374189,-0.634485,-0.676321)
(1.94145,-24.1679,25) (-0.930718,0.358744,-0.0711778)
(-14.813,-3.73702,25) (-0.0439221,0.972409,-0.22911)
(20.8912,-14.5869,25) (-0.727141,-0.649303,-0.22287)
(0.340368,0.752183,25) (0.17529,0.437136,-0.882148)
(0.0239518,-15.842,25) (-0.0351664,-0.437203,-0.898675)
(14.6792,-21.5384,25) (0.895654,-0.262461,-0.359051)
(24.5934,17.511,25) (-0.501911,-0.48314,-0.717399)
(-11.5398,-1.20112,25) (-0.941909,0.255969,-0.217455)
(11.5324,6.68166,25) (0.0644626,0.0792246,-0.99477)
(24.8253,11.6906,25) (-0.479315,0.877596,-0.00913001)
(-5.63556,-7.56124,25) (0.216146,0.39686,-0.892067)
(1.99197,-6.1539,25) (-0.0322057,0.0487797,-0.99829)
(15.8305,11.5403,25) (0.769364,-0.396221,-0.501087)
(7.85386,4.89798,25) (-0.716463,-0.0235445,-0.697227)
(20.5945,-5.89651,25) (-0.859163,0.486187,-0.159564)
(-3.32906,-2.23148,25) (0.782021,0.623243,-0.0033548)
(-3.28628,13.9407,25) (-0.42917,0.596044,-0.678634)
(17.21,15.7006,25) (-0.594151,0.703768,-0.38948)
(-3.43395,-11.1116,25) (-0.696385,-0.45855,-0.552068)
(-13.6954,1.42144,25) (0.937757,-0.212359,-0.274799)
(7.39368,-20.4124,25) (-0.972262,-0.0908842,-0.215514)
(0.262643,21.0782,25) (-0.512381,-0.254421,-0.820205)
(-1.54823,-1.45558,25) (-0.419824,-0.594098,-0.686145)
(-8.88824,-16.3046,25) (0.832742,0.108677,-0.542891)
(18.1645,-2.1961,25) (0.696878,-0.51639,-0.497697)
(5.86451,-4.61659,25) (-0.797987,-0.529815,-0.287251)
(18.54,19.4326,25) (-0.408994,0.681314,-0.607072)
(-13.2358,-0.143075,25) (0.0639778,-0.383422,-0.921354)
(20.7006,-15.405,25) (-0.845567,0.430006,-0.316402)
(-8.35887,-21.7061,25) (-0.0412312,0.622761,-0.781325)
(-8.93565,13.6342,25) (-0.196929,-0.450535,-0.870768)
(-10.0721,-21.2378,25) (0.604336,-0.73068,-0.317623)
(-6.18358,-6.52067,25) (-0.715921,0.290987,-0.634652)
(-22.2719,-24.8418,25) (0.986671,-0.147363,-0.0690214)
(-19.0279,-4.73408,25) (0.650163,0.710223,-0.269947)
(8.30135,8.31077,25) (0.646174,-0.00264278,-0.763185)
(13.5719,-9.49081,25) (-0.302989,0.386795,-0.870969)
(17.5788,-22.6465,25) (0.393468,0.0810211,-0.915761)
(-12.1406,11.8425,25) (0.314804,0.92491,-0.213165)
(6.59493,-18.4947,25) (-0.94833,-0.221774,-0.226908)
(15.8278,24.1485,25) (0.847091,-0.514679,-0.132445)
(-19.0989,24.6418,25) (0.845673,0.521577,-0.113115)
(6.81083,-22.9699,25) (-0.0458449,0.340745,-0.939037)
(-0.052599,-14.7641,25) (-0.62182,0.60347,-0.499163)
(4.33821,-17.1748,25) (-0.841422,-0.348678,-0.412835)
(-24.4202,24.4036,25) (-0.901196,0.0662703,-0.428316)
(-11.823,-15.8134,25) (-0.0335554,-0.0519502,-0.998086)
(-14.4353,-17.3522,25) (0.768119,-0.232558,-0.596582)
(16.1567,7.64583,25) (0.876873,-0.467553,-0.111751)
(7.06405,-1.59308,25) (0.277975,-0.76465,-0.581412)
(3.32051,-5.14916,25) (0.461229,-0.33492,-0.821642)
(8.55539,4.10955,25) (0.0715786,-0.185652,-0.980005)
(16.537,-24.476,25) (0.632144,0.58643,-0.506452)
(-0.816729,13.9665,25) (-0.0130804,-0.0358521,-0.999272)
(-23.2066,6.92156,25) (0.798145,-0.595461,-0.0916071)
(-0.414706,-9.48889,25) (0.989454,0.128359,-0.0671239)
(-19.0669,-11.3363,25) (0.768069,0.633521,-0.0933864)
(14.8166,22.4415,25) (-0.540916,-0.836289,-0.0896151)
(5.47235,-20.5252,25) (0.93306,-0.0778447,-0.351197)
(-18.6406,-2.98967,25) (0.254964,0.0224699,-0.966689)
(0.0281606,-5.57059,25) (-0.124837,-0.689511,-0.713436)
(-15.3696,-14.4564,25) (-0.533959,0.826854,-0.176633)
(-13.4812,-1.87938,25) (0.127627,-0.913307,-0.386758)
(22.072,-23.586,25) (0.943732,-0.200923,-0.262679)
(-19.6799,14.5643,25) (-0.734646,0.20164,-0.647794)
(-0.256677,-6.9407,25) (0.474724,0.0624914,-0.877914)
(14.6036,11.6887,25) (-0.602374,0.794268,-0.079274)
(2.47352,2.8105,25) (0.717767,-0.285347,-0.635128)
(22.1177,-12.6652,25) (-0.729269,0.629041,-0.26921)
(-2.75374,-6.35171,25) (-0.450785,0.846083,-0.284493)
(18.5017,20.3422,25) (-0.735205,-0.616512,-0.281758)
(16.1884,21.1737,25) (-0.760839,0.637226,-0.122752)
(7.06007,15.4947,25) (-0.69981,0.328295,-0.63442)
(3.30872,-23.3822,25) (-0.450431,-0.374637,-0.810407)
(9.46523,6.68536,25) (-0.695621,0.587552,-0.413393)
(14.4176,7.94221,25) (0.893698,0.0379305,-0.447063)
(-5.96982,2.3583,25) (-0.964881,0.17563,-0.195343)
(-16.9716,14.8493,25) (-0.74032,0.586454,-0.328629)
(-2.87486,-18.8407,25) (-0.850396,-0.423078,-0.312781)
(18.5075,-6.58807,25) (0.811505,-0.488037,-0.321372)
(-0.485759,6.11127,25) (-0.703755,-0.069334,-0.707052)
(5.91501,8.77788,25) (0.848614,-0.246985,-0.467816)
(10.2726,-1.24251,25) (-0.450929,0.0585457,-0.890638)
(-20.3656,-21.4178,25) (0.425428,-0.0462804,-0.903808)
(-19.5233,9.56007,25) (0.722691,-0.27989,-0.631964)
(17.56,-22.417,25) (-0.44029,-0.762499,-0.474067)
(-9.53097,11.6767,25) (0.891161,0.408677,-0.197017)
(-15.4387,3.67192,25) (-0.854519,-0.503827,-0.126319)
(-14.7042,-19.1248,25) (0.18032,-0.290816,-0.939633)
(8.61806,-13.8537,25) (-0.287873,0.381978,-0.878192)
(-21.7198,21.9896,25) (-0.19136,0.563478,-0.803663)
(-8.89951,-17.4546,25) (0.0894,0.943074,-0.320343)
(-7.34131,-16.4394,25) (-0.151875,-0.826312,-0.54235)
(3.52006,-9.66806,25) (-0.621071,0.781382,-0.0609388)
(18.4697,0.809482,25) (-0.659602,0.67071,-0.339226)
(13.1502,-11.6822,25) (0.532955,0.845268,-0.0384867)
(0.574394,-16.8644,25) (0.664664,-0.642368,-0.381556)
(-8.49041,-10.8868,25) (-0.400057,-0.654346,-0.641706)
(20.6354,-6.18941,25) (0.874784,-0.129072,-0.467005)
(17.0792,-7.93683,25) (0.762703,-0.639234,-0.098303)
(7.0778,20.5488,25) (0.289056,0.744015,-0.602401)
(1.8191,13.7113,25) (0.644578,0.764533,-0.00292391)
(-7.74561,10.6294,25) (0.0720073,-0.756893,-0.64956)
(-24.6786,0.00156032,25) (-0.334229,-0.198922,-0.921261)
(-21.3997,-19.09,25) (-0.523562,0.468288,-0.711751)
(-23.8993,-17.3589,25) (-0.0669761,-0.506904,-0.859396)
(-20.2505,0.151394,25) (0.0737683,0.304489,-0.949655)
(19.8556,24.0047,25) (0.339138,-0.939312,-0.0517477)
(-5.33249,22.6066,25) (-0.864493,-0.489592,-0.113805)
(-16.0681,4.55147,25) (-0.856323,0.392312,-0.335861)
(-3.50664,-12.4728,25) (-0.939879,0.179592,-0.290471)
(24.6368,-23.5423,25) (0.629632,0.563573,-0.534742)
(-6.72047,-24.7495,25) (-0.204054,0.145118,-0.968144)
(21.6467,-9.23905,25) (-0.05454,-0.481749,-0.87461)
(10.3257,8.62707,25) (-0.694213,-0.536353,-0.479994)
(-12.3808,-1.04127,25) (0.848027,0.523904,-0.0798399)
(-18.4954,-18.3326,25) (-0.916612,0.300508,-0.263663)
(-9.8967,17.9838,25) (-0.24934,-0.939784,-0.233742)
(7.51397,19.2078,25) (-0.847207,0.486036,-0.214498)
(-12.2924,0.451566,25) (0.795419,0.183732,-0.577538)
(-21.9012,9.91276,25) (0.197999,0.979557,-0.0355628)
(11.1475,-24.2453,25) (-0.361691,-0.709754,-0.604507)
(-16.1885,6.71641,25) (-0.846089,-0.129635,-0.517038)
(-23.0551,-17.2988,25) (0.544539,-0.634052,-0.54905)
(1.55032,4.8425,25) (-0.93251,-0.245437,-0.264926)
(6.79333,-5.81521,25) (-0.198321,-0.481627,-0.853642)
(16.2267,8.42432,25) (-0.730039,-0.645276,-0.225082)
(-7.9717,-23.4362,25) (0.443934,0.895985,-0.0115687)
(8.38002,-16.7137,25) (-0.556707,-0.0412111,-0.829686)
(-13.4451,15.3573,25) (0.871949,-0.484051,-0.0734841)
(10.1328,-21.7624,25) (-0.0995936,0.91113,-0.399904)
(-15.9683,-23.3685,25) (-0.700129,0.0805362,-0.70946)
(-12.082,-14.6632,25) (-0.759914,0.571041,-0.310552)
(8.26872,22.297,25) (0.865391,-0.499154,-0.0440981)
(-21.7104,-14.2502,25) (-0.906839,-0.0811739,-0.413586)
(1.38643,17.9624,25) (-0.893459,0.444609,-0.0636645)
(5.12576,-24.116,25) (-0.604121,-0.788431,-0.115817)
(16.2362,-6.63401,25) (0.430477,-0.902378,-0.0200601)
(20.4121,15.6554,25) (0.651162,0.678636,-0.339766)
(13.1206,16.4837,25) (-0.103909,0.1134,-0.988101)
(3.43117,21.3019,25) (-0.577561,-0.433141,-0.691963)
(11.8594,21.1425,25) (-0.39309,0.310059,-0.865646)
(-13.8659,12.2646,25) (-0.0355207,-0.846277,-0.531558)
(-15.5727,0.0792763,25) (-0.913517,0.404147,-0.0463874)
(19.1812,2.45206,25) (0.407063,0.905323,-0.121203)
(9.93264,-12.7738,25) (0.84992,0.410194,-0.330721)
(7.02342,13.0119,25) (-0.571347,-0.813299,-0.110035)
(10.2588,10.9921,25) (0.566155,0.823261,-0.0413372)
(-13.0589,22.2258,25) (-0.821788,-0.194686,-0.535501)
(22.2863,4.04679,25) (-0.653488,0.304928,-0.6928)
(-5.3983,5.32461,25) (-0.874193,-0.00675768,-0.485532)
(-15.3436,22.2123,25) (-0.226118,0.972779,-0.0507052)
(-6.89418,2.09196,25) (0.160298,-0.59364,-0.788604)
(7.9494,9.85775,25) (-0.925884,0.360685,-0.112453)
(-15.8664,-1.18729,25) (0.487921,0.852207,-0.188879)
(17.091,15.3285,25) (-0.572223,0.819507,-0.0311466)
(0.824531,-23.3539,25) (0.40871,0.611881,-0.677169)
(13.8494,-11.6787,25) (-0.694452,-0.719539,-0.000226335)
(-12.0238,24.303,25) (0.619407,0.412702,-0.667841)
(-2.18554,9.1722,25) (-0.0271803,-0.934622,-0.354603)
(13.074,18.5975,25) (0.909273,-0.232662,-0.345097)
(0.887382,8.6449,25) (0.62248,0.628988,-0.465718)
(15.4992,0.391248,25) (-0.4282,-0.536842,-0.726943)
(10.333,-4.71842,25) (0.926386,0.264872,-0.26768)
(-12.6016,-11.3135,25) (-0.784012,0.254222,-0.5663)
(-18.8743,3.86996,25) (-0.747656,-0.645026,-0.157962)
(14.3801,4.2549,25) (-0.585959,-0.741229,-0.327462)
(-7.49881,14.4505,25) (0.74307,-0.624709,-0.23997)
(-6.95311,-9.41952,25) (0.276087,-0.890596,-0.361407)
(22.9326,1.60256,25) (-0.393491,-0.839495,-0.374717)
(3.86743,22.8118,25) (-0.517006,-0.562767,-0.644979)
(-14.4137,-2.69911,25) (-0.604245,-0.589934,-0.535599)
(-14.9514,23.5741,25) (-0.318571,-0.934462,-0.15904)
(8.27957,-6.23139,25) (0.399888,0.887589,-0.228637)
(-17.9885,4.77125,25) (-0.247419,0.224206,-0.942611)
(-10.5914,1.12065,25) (0.203643,-0.811597,-0.547576)
(-16.2706,0.148735,25) (0.36122,-0.756037,-0.545828)
(-15.7797,-9.19175,25) (0.965075,-0.173176,-0.196569)
(-3.8497,22.4524,25) (0.311265,0.301765,-0.901139)
(2.88575,-9.26476,25) (-0.706496,0.608682,-0.361067)
(3.74438,-16.4598,25) (-0.795397,-0.073199,-0.601653)
(-16.6528,-14.1964,25) (-0.454605,-0.566952,-0.68695)
(12.274,21.0095,25) (0.242352,0.804969,-0.541563)
(-21.9851,-14.1351,25) (0.294835,0.942119,-0.159641)
(17.0048,17.6647,25) (0.0807736,0.963238,-0.25622)
(-19.9256,-6.22728,25) (-0.383925,-0.34638,-0.855934)
(-1.42727,-13.3785,25) (-0.49406,0.358733,-0.791969)
(-18.4944,15.2699,25) (0.0868222,0.364004,-0.927342)
(10.0813,-7.69014,25) (0.508181,-0.824888,-0.24761)
(6.88077,-23.3499,25) (0.040186,0.12651,-0.991151)
(-21.3368,-21.8449,25) (-0.0583196,-0.22425,-0.972785)
(-24.9361,-1.04088,25) (-0.168212,-0.896985,-0.408806)
(-12.2918,10.4492,25) (-0.584871,-0.661213,-0.469811)
(-17.8098,-9.64238,25) (-0.345582,0.130373,-0.929288)
(15.3514,-14.3387,25) (0.166638,-0.177511,-0.969908)
(-13.0504,21.9917,25) (0.0409211,-0.346911,-0.937005)
(0.378534,9.01328,25) (-0.319149,0.427885,-0.845611)
(-18.2121,14.7075,25) (0.0983955,-0.500574,-0.860084)
(-24.6803,-22.1488,25) (-0.205777,0.751792,-0.62647)
(16.9694,-5.56926,25) (0.464005,-0.251467,-0.84939)
(21.007,7.96311,25) (0.830986,0.556292,-0.00114552)
(22.2935,-6.19507,25) (0.762593,-0.591434,-0.262027)
(-3.17509,17.8556,25) (-0.288939,0.948379,-0.130737)
(16.2271,-6.58191,25) (0.227758,-0.950104,-0.21314)
(-1.83305,24.1293,25) (0.000774614,0.586205,-0.810163)
(22.5767,-4.50641,25) (-0.715332,0.199468,-0.66971)
(12.1901,-9.51172,25) (-0.994138,-0.100347,-0.0402533)
(-19.8119,4.33609,25) (-0.416415,-0.106646,-0.902898)
(13.2305,9.7274,25) (0.225875,0.65801,-0.718334)
(20.5405,-0.266577,25) (-0.0576471,-0.844522,-0.532409)
(10.2551,-13.4687,25) (-0.646086,0.0259216,-0.762825)
(5.61987,23.2772,25) (0.602684,-0.787656,-0.127942)
(-23.6256,24.3576,25) (-0.915213,-0.379745,-0.134828)
(18.7418,-24.9525,25) (-0.885925,0.390248,-0.250687)
(4.89347,1.04329,25) (-0.47743,-0.686582,-0.54833)
(-12.9285,18.8369,25) (0.526964,-0.220395,-0.820814)
(-22.203,12.5914,25) (-0.22129,-0.533422,-0.816389)
(-0.949232,-23.0033,25) (0.142346,0.0547442,-0.988302)
(-24.0493,-14.656,25) (0.0539175,0.0841049,-0.994997)
(-12.5443,-19.9614,25) (-0.389183,-0.855645,-0.341187)
(3.05697,19.3821,25) (-0.888103,-0.459092,-0.0225217)
(16.6607,12.9316,25) (-0.876934,0.328856,-0.350487)
(13.6277,19.8503,25) (-0.147026,-0.870947,-0.468865)
(-24.5478,-7.58067,25) (0.654745,0.426127,-0.624279)
(10.6278,6.58415,25) (-0.80907,-0.0801158,-0.582226)
(1.90377,18.3554,25) (-0.617826,0.768166,-0.167963)
(-22.3608,-10.1939,25) (-0.0817993,-0.779882,-0.620559)
(-7.89572,10.8628,25) (-0.11102,-0.106392,-0.988107)
(22.2861,-13.2764,25) (-0.581633,0.678167,-0.449214)
(-1.05802,-10.6423,25) (-0.73662,0.32836,-0.591245)
(4.68222,-21.5136,25) (0.252262,-0.690621,-0.677795)
(21.1356,21.0726,25) (0.953981,-0.258483,-0.15201)
(-21.3408,-23.3769,25) (0.0378304,-0.84705,-0.530166)
(4.78002,-23.1148,25) (-0.161111,-0.934309,-0.317979)
(-0.808707,11.539,25) (0.0749581,-0.660762,-0.746843)
(-9.7293,-24.2763,25) (-0.685339,-0.695984,-0.214284)
(-24.0741,-10.242,25) (-0.601609,0.781335,-0.166077)
(-10.1759,13.9392,25) (0.459519,-0.870008,-0.178687)
(-9.37169,24.6226,25) (-0.107829,-0.729956,-0.674935)
(-3.32188,-21.6376,25) (0.535373,-0.842473,-0.0601295)
(19.065,1.57627,25) (0.05764,-0.577669,-0.814234)
(-14.9303,-9.86007,25) (0.422034,0.563379,-0.710275)
(-22.387,18.7598,25) (0.138062,0.627072,-0.766629)
(12.3779,-11.9459,25) (0.790839,0.0161869,-0.61181)
(-11.5528,18.6134,25) (-0.87485,-0.391542,-0.285188)
(-6.40209,16.2477,25) (0.571549,0.33537,-0.748905)
(-20.4729,-23.8023,25) (-0.0801135,0.32988,-0.940617)
(1.59907,14.6095,25) (0.240121,-0.805282,-0.542091)
(-6.44969,11.5901,25) (-0.395202,0.903416,-0.166299)
(-23.2708,-7.1865,25) (0.778883,0.293782,-0.554107)
(-22.9241,-15.1928,25) (-0.885414,-0.307458,-0.348585)
(-1.77085,11.3788,25) (-0.60369,0.56743,-0.559983)
(16.0696,-2.89894,25) (0.0448105,-0.498055,-0.865987)
(23.8984,1.86309,25) (-0.0425596,0.702237,-0.71067)
(12.6036,23.6469,25) (0.881902,0.290583,-0.371227)
(-5.82859,-14.0932,25) (-0.10935,-0.0370568,-0.993312)
(-19.369,-1.50873,25) (-0.132406,0.944478,-0.300714)
(-11.6572,21.3426,25) (0.734268,0.485449,-0.474542)
(9.31021,12.0954,25) (-0.898144,-0.359745,-0.252827)
(-20.6021,24.9745,25) (-0.19666,-0.93369,-0.299245)
(18.3683,-5.20021,25) (0.14406,0.97291,-0.180811)
(18.9497,-8.63936,25) (-0.587848,-0.582619,-0.56124)
(2.91559,-9.74664,25) (-0.25051,0.287178,-0.92454)
(12.5519,-12.0617,25) (0.918582,0.04698,-0.392429)
(18.5744,-18.4757,25) (0.49153,-0.56404,-0.663519)
(23.9632,0.56245,25) (-0.496831,-0.850168,-0.17428)
(-0.890832,-18.5789,25) (0.192868,-0.738961,-0.645553)
(-24.9131,6.24442,25) (-0.11963,0.206987,-0.971002)
(14.7685,19.8059,25) (-0.625325,-0.741752,-0.242429)
(-1.99319,15.9526,25) (0.767965,-0.637283,-0.064034)
(-9.20925,-7.64144,25) (-0.533931,0.613552,-0.581783)
(23.5515,-2.31529,25) (-0.952321,-0.231086,-0.199209)
(11.1315,-24.6845,25) (-0.292154,0.203677,-0.934431)
(-9.66511,18.6627,25) (0.860004,-0.443207,-0.252904)
(1.24187,16.7832,25) (0.63863,0.597,-0.485534)
(22.9326,1.36913,25) (0.098638,0.494469,-0.863581)
(-19.2954,-16.4016,25) (-0.927456,0.0965731,-0.361247)
(-21.7003,4.19167,25) (-0.897789,0.43922,-0.0325766)
(-23.5425,5.75947,25) (0.268615,0.747306,-0.607766)
(-20.1778,1.75423,25) (0.607106,-0.791758,-0.0673975)
(23.6795,2.02325,25) (-0.343626,0.758978,-0.553059)
(17.1067,-19.1407,25) (0.45349,0.856778,-0.245516)
(20.8042,7.35571,25) (-0.174472,0.862637,-0.474781)
(-14.7584,7.28474,25) (-0.549293,-0.0890788,-0.830868)
(14.2176,-8.76803,25) (0.785755,-0.575723,-0.226125)
(-5.97866,18.9159,25) (-0.430073,-0.902781,-0.00483736)
(17.526,-8.49725,25) (-0.449659,0.438483,-0.778164)
(8.97009,23.3041,25) (0.698997,0.425081,-0.575073)
(8.65596,-18.7402,25) (0.0116499,0.869331,-0.494093)
(22.3024,5.95088,25) (0.0692173,-0.455193,-0.887698)
(9.73188,-9.82827,25) (-0.482583,0.233658,-0.844107)
(11.3482,6.18463,25) (-0.724569,-0.437075,-0.532885)
(18.4821,21.9089,25) (-0.732856,0.27504,-0.622314)
(5.04408,-11.7508,25) (0.439798,0.567757,-0.695866)
(2.30308,2.65797,25) (0.887072,-0.183207,-0.423721)
(-2.62708,21.5747,25) (0.586587,0.565684,-0.579584)
(-16.5982,18.367,25) (0.182782,0.315288,-0.931227)
(-1.45406,-24.3297,25) (-0.519414,-0.74189,-0.424037)
(0.304034,4.59799,25) (-0.0486669,-0.998588,-0.0212999)
(-6.69959,3.85859,25) (-0.74356,-0.57427,-0.342538)
(-9.27761,-7.71733,25) (-0.246662,0.60684,-0.755581)
(6.01397,-8.55151,25) (0.309613,-0.166551,-0.936163)
(-8.50992,-11.5797,25) (-0.237188,0.445589,-0.863245)
(21.6316,5.77758,25) (0.697939,-0.149577,-0.700363)
(0.966766,15.9871,25) (-0.461369,0.807051,-0.36852)
(-11.0651,20.1353,25) (0.713214,-0.569203,-0.409065)
(2.30603,-24.8229,25) (0.0341733,-0.994105,-0.102891)
(15.6586,4.07288,25) (-0.232392,0.574398,-0.784896)
(-14.8459,-18.673,25) (0.294166,-0.31694,-0.901674)
(-8.13083,1.819,25) (0.122361,0.967774,-0.220093)
(-11.9157,-14.9662,25) (0.366942,0.918233,-0.148999)
(-18.7198,21.6628,25) (-0.662378,-0.621628,-0.418131)
(-1.38877,-5.72369,25) (-0.540318,-0.489938,-0.684118)
(11.257,20.4966,25) (-0.859639,0.116174,-0.497518)
(8.88698,-11.106,25) (-0.760288,0.521336,-0.387519)
(-11.3968,-4.43298,25) (0.890387,0.436025,-0.130741)
(6.8018,8.09282,25) (0.909418,0.392242,-0.13822)
(-6.16368,7.14742,25) (-0.108049,-0.877522,-0.467205)
(2.25718,-3.5661,25) (0.411818,0.701451,-0.581698)
(-16.3309,-7.31466,25) (-0.348674,0.211733,-0.913015)
(3.93448,-0.714611,25) (0.391484,-0.254463,-0.884301)
(-3.11297,-13.1692,25) (0.130886,0.295272,-0.946406)
(12.8464,-16.3828,25) (-0.120984,0.859656,-0.496341)
(5.38237,16.5787,25) (-0.17404,0.959357,-0.222135)
(-8.29678,-23.3945,25) (0.178577,0.667452,-0.722923)
(-19.5477,4.29503,25) (0.672081,0.705639,-0.224455)
(-9.3786,20.9776,25) (0.656891,0.282946,-0.698882)
(-24.426,8.60174,25) (-0.558986,0.639964,-0.527239)
(16.5529,-15.0629,25) (-0.532989,-0.837418,-0.121053)
(-7.27443,23.9675,25) (0.296534,-0.875522,-0.381482)
(20.3716,-7.80763,25) (-0.362801,0.597545,-0.715063)
(-10.415,-14.8531,25) (-0.58629,0.636641,-0.500951)
(17.9209,-20.6064,25) (0.340074,-0.0168713,-0.940247)
(21.887,10.377,25) (0.64345,-0.00510188,-0.765471)
(21.6739,-6.16838,25) (0.0135448,0.0998308,-0.994912)
(11.1779,-23.6875,25) (-0.370869,-0.738616,-0.562941)
(7.74546,14.9861,25) (0.457549,0.172447,-0.872302)
(3.51602,-20.1753,25) (0.476133,0.202044,-0.855848)
(-3.16665,-24.8671,25) (-0.140053,-0.823396,-0.549913)
(15.424,4.15599,25) (0.181924,0.921323,-0.343609)
(-21.7248,-0.0327526,25) (0.496812,-0.118058,-0.859791)
(-8.67076,11.9846,25) (0.264954,0.76036,-0.593003)
(24.5442,1.71573,25) (-0.89645,0.439739,-0.0548325)
(-24.4267,-5.44924,25) (-0.415258,-0.360074,-0.835409)
(-16.8299,17.3729,25) (-0.738208,0.0404716,-0.673358)
(5.76556,-11.6246,25) (0.592171,-0.451573,-0.667394)
(5.79812,-15.5449,25) (0.600122,-0.734614,-0.316538)
(17.8181,-22.1569,25) (0.863747,0.338494,-0.373313)
(21.6965,3.17471,25) (-0.377177,0.145358,-0.914663)
(18.4069,-14.9828,25) (0.0366298,-0.745775,-0.66519)
(-6.24926,-5.53462,25) (0.199855,-0.906718,-0.371378)
(17.4121,16.4878,25) (0.442534,-0.885421,-0.142103)
(-20.3114,-0.615975,25) (-0.448476,-0.884427,-0.129069)
(-1.08889,17.7681,25) (-0.421684,-0.406281,-0.810629)
(-22.3843,23.9532,25) (0.924577,-0.305358,-0.227848)
(-11.7947,9.4114,25) (-0.39593,-0.866714,-0.303392)
(-5.42464,-7.2215,25) (-0.939492,0.0187522,-0.342057)
(-12.1223,-6.22603,25) (-0.13303,0.247381,-0.959742)
(-14.2464,7.97983,25) (-0.171968,0.911749,-0.373016)
(6.70931,21.0396,25) (0.51046,-0.850173,-0.128981)
(-11.1538,17.3522,25) (-0.969375,0.0294488,-0.243813)
(-20.2599,-17.2062,25) (0.839858,-0.170855,-0.515216)
(-6.17897,10.4733,25) (0.877316,-0.446351,-0.176314)
(16.5677,9.16276,25) (-0.52679,0.763029,-0.374538)
(13.4387,19.7408,25) (-0.349944,0.924188,-0.153022)
(-3.61686,18.6601,25) (0.791617,0.528878,-0.305992)
(-1.55053,15.2828,25) (-0.101598,0.994707,-0.0153283)
(-3.11989,-3.02971,25) (-0.192805,0.590402,-0.783742)
(7.10515,13.5786,25) (-0.283233,-0.220858,-0.933274)
(24.3613,-4.41486,25) (-0.155167,0.202821,-0.966844)
(9.42527,11.7195,25) (0.497965,-0.51451,-0.698077)
(16.6299,1.92183,25) (0.461426,0.878291,-0.125266)
(3.27758,2.09099,25) (0.111078,0.127817,-0.985558)
(8.14907,22.3841,25) (0.945817,-0.274857,-0.17287)
(-7.9638,-16.9428,25) (-0.628798,-0.760064,-0.164063)
(0.77934,-18.8267,25) (0.925962,-0.37451,-0.048333)
(-6.61078,16.0084,25) (-0.0495329,0.973967,-0.221213)
(10.8794,12.742,25) (-0.409675,0.0670614,-0.909763)
(2.50938,-21.3247,25) (0.0989675,0.475965,-0.873878)
(23.9411,24.0174,25) (0.348756,0.299129,-0.888196)
(-18.4428,-15.8378,25) (0.364968,0.874404,-0.319712)
(2.31984,-18.328,25) (0.776202,0.571962,-0.265273)
(7.86387,9.59559,25) (-0.51753,-0.157905,-0.840969)
(-11.3103,5.28989,25) (-0.195241,-0.182942,-0.963542)
(-13.2444,-12.2209,25) (0.276705,0.0268428,-0.96058)
(-5.03445,3.65438,25) (0.956327,0.110994,-0.270404)
(-7.51735,-14.02,25) (-0.144673,0.805023,-0.575332)
(20.8206,-0.0735214,25) (-0.410795,0.218781,-0.885089)
(13.4459,-22.0883,25) (0.16363,0.135159,-0.977219)
(-4.09607,21.0795,25) (-0.329126,-0.557697,-0.762004)
(-20.9739,17.9026,25) (0.954371,0.040611,-0.29585)
(19.0965,-22.348,25) (0.0173476,-0.917778,-0.396714)
(-7.47041,0.965162,25) (-0.915095,0.0181427,-0.40283)
(13.1327,16.2154,25) (0.813802,-0.547492,-0.194881)
(-10.9229,10.8266,25) (-0.631832,0.00163732,-0.775104)
(8.93906,16.9164,25) (0.805302,0.496479,-0.324032)
(14.5053,-0.216775,25) (0.350093,-0.617674,-0.704212)
(-6.03983,17.0031,25) (0.587223,0.687291,-0.427551)
(6.88709,17.8382,25) (-0.710124,-0.460594,-0.532519)
(2.80115,18.5277,25) (0.897183,-0.428517,-0.106944)
(6.00036,22.4919,25) (-0.0793121,0.925546,-0.370237)
(-24.5281,-0.84675,25) (-0.155126,0.89676,-0.414437)
(-3.73105,-14.5225,25) (-0.467396,-0.882354,-0.0547081)
(-6.30233,-13.9794,25) (0.76509,-0.50328,-0.401678)
(-5.8397,-9.15789,25) (0.473699,0.832833,-0.286354)
(12.5845,1.70334,25) (-0.461937,-0.0924945,-0.882076)
(-17.2008,-14.0442,25) (-0.300171,-0.874744,-0.380421)
(10.0644,18.6136,25) (0.47105,-0.713609,-0.51853)
(22.6756,-0.880079,25) (-0.61984,-0.175392,-0.764877)
(12.6938,-16.0554,25) (0.979802,0.0876438,-0.179741)
(-12.5255,7.48197,25) (0.389592,-0.722267,-0.571444)
(-17.0734,-2.41166,25) (0.030591,-0.999502,-0.00769957)
(10.2187,8.06875,25) (0.754062,-0.653548,-0.0653111)
(23.3276,-8.8734,25) (-0.76312,-0.252724,-0.594793)
(-23.0364,-19.018,25) (0.357873,0.103516,-0.928015)
(2.34422,11.6876,25) (0.10659,-0.994069,-0.021583)
(18.7849,-14.7062,25) (-0.850337,0.269561,-0.451956)
(17.5746,-6.6568,25) (-0.469516,0.298112,-0.831074)
(-17.2029,-13.6429,25) (-0.595119,-0.180739,-0.78305)
(-10.4676,23.8176,25) (0.599255,0.561689,-0.570438)
(-0.689119,-24.2662,25) (-0.305756,0.687507,-0.658672)
(0.750067,-1.97767,25) (-0.911151,-0.33278,-0.243027)
(-19.1716,-13.9011,25) (0.391605,0.429504,-0.813739)
(24.1796,-12.2704,25) (-0.323841,0.754893,-0.570318)
(-9.67307,-4.57447,25) (0.546221,-0.832362,-0.093891)
(-11.5253,-20.4468,25) (0.390175,0.340763,-0.855362)
(-16.7146,2.74081,25) (0.395659,-0.664073,-0.634398)
(19.9611,7.52236,25) (0.52324,0.364326,-0.770381)
(-3.04842,24.0183,25) (-0.834823,-0.549597,-0.0318533)
(-24.4223,-20.3178,25) (0.924694,0.0372081,-0.378889)
(9.88521,-12.1967,25) (0.0412239,-0.799124,-0.599751)
(-19.6482,2.1259,25) (0.781753,-0.332744,-0.527394)
(-21.997,-16.0777,25) (-0.991797,-0.0973891,-0.0827868)
(-0.797225,16.5447,25) (-0.316254,-0.296873,-0.901027)
(20.341,7.31351,25) (-0.114632,-0.714874,-0.689793)
(2.37501,-21.2274,25) (-0.549872,0.801977,-0.233396)
(18.8896,12.7629,25) (-0.192384,-0.676932,-0.710459)
(14.8387,-11.4356,25) (-0.362827,0.901781,-0.234835)
(14.5947,-11.4157,25) (0.0663015,-0.413975,-0.907871)
(3.76636,-12.5666,25) (-0.558085,-0.721,-0.410732)
(3.35569,-23.8705,25) (0.517298,-0.576392,-0.632594)
(8.1991,23.754,25) (-0.409268,-0.483819,-0.773575)
(-7.88542,-21.6726,25) (-0.307704,-0.395504,-0.865387)
(-13.4255,8.10238,25) (-0.950054,-0.0433387,-0.309062)
(-5.36959,15.0358,25) (0.830528,-0.421117,-0.364532)
(-13.3338,-3.26498,25) (0.248757,0.331698,-0.909998)
(11.5185,-5.05556,25) (-0.752669,-0.648044,-0.116311)
(-3.98658,-18.9374,25) (-0.953853,0.261533,-0.147528)
(22.4773,-19.6763,25) (-0.369603,-0.210416,-0.905052)
(4.6903,17.9209,25) (-0.686737,-0.718055,-0.11309)
(1.01191,-1.71865,25) (0.263686,-0.53731,-0.801104)
(11.8371,6.74062,25) (-0.466272,0.307008,-0.82966)
(-3.44333,-13.8303,25) (-0.0339764,-0.781659,-0.62278)
(24.8149,-13.0515,25) (0.667814,0.611734,-0.424036)
(-14.0626,15.1825,25) (-0.763321,0.0970168,-0.638693)
(16.2265,-17.8836,25) (-0.365683,0.610434,-0.702599)
(19.1602,0.302174,25) (0.68627,0.180815,-0.704514)
(-24.0919,14.1279,25) (-0.704471,-0.545832,-0.453638)
(9.31495,-13.8234,25) (-0.951258,-0.27841,-0.13265)
(-3.25549,8.82878,25) (0.730011,0.531321,-0.429863)
(-0.290731,3.36312,25) (-0.461669,-0.870908,-0.168465)
(-8.30005,-24.3181,25) (-0.0666112,-0.981384,-0.180132)
(-22.8527,1.00488,25) (0.954541,0.194701,-0.225706)
(-11.4723,-20.8561,25) (0.349861,0.181764,-0.918999)
(1.67068,1.47939,25) (0.704037,-0.0325223,-0.709418)
(-22.673,1.28363,25) (-0.510341,0.291693,-0.808991)
(5.92997,16.7024,25) (0.327808,-0.530731,-0.78158)
(21.9197,-4.16054,25) (0.458072,-0.846341,-0.271805)
(12.657,-13.5374,25) (0.123392,-0.986687,-0.105939)
(-10.9275,22.1061,25) (0.533425,-0.41146,-0.739025)
(-23.6929,4.25567,25) (0.280364,0.959166,-0.0373823)
(-0.483291,13.4588,25) (-0.321079,-0.357727,-0.876892)
(-11.5972,-10.1615,25) (0.524785,-0.830186,-0.188128)
(4.60997,23.7482,25) (0.214433,-0.2791,-0.936014)
(-5.29749,-1.97129,25) (-0.637243,-0.770361,-0.0215971)
(21.1322,18.5746,25) (-0.610553,0.711077,-0.348703)
(16.7701,17.0322,25) (0.254926,0.360547,-0.897228)
(-8.85166,-1.50318,25) (-0.883585,0.134813,-0.448444)
(-4.35136,20.6045,25) (0.553606,-0.801107,-0.227481)
(11.2008,16.7449,25) (-0.453036,0.054779,-0.889808)
(14.447,8.56161,25) (-0.774483,-0.177194,-0.607271)
(-3.33608,-15.3152,25) (-0.196039,0.848389,-0.491736)
(16.6847,17.9058,25) (-0.227649,0.973439,-0.0243243)
(-17.7654,-19.3905,25) (0.452295,-0.82707,-0.333742)
(-1.21403,3.98457,25) (0.588162,-0.776397,-0.226435)
(2.48936,-13.8021,25) (0.882047,0.471114,-0.0066451)
(-8.34618,7.83284,25) (-0.824727,-0.318145,-0.467557)
(11.8784,9.89568,25) (0.462623,-0.248382,-0.85105)
(-3.40038,4.43799,25) (0.752752,-0.0585732,-0.655693)
(24.0666,3.54216,25) (-0.241078,0.29205,-0.925521)
(-1.34799,-19.1774,25) (-0.861447,0.507372,-0.0219978)
(-19.5955,-23.5919,25) (0.158362,-0.238871,-0.958051)
(9.00578,-6.28173,25) (-0.18136,0.904904,-0.385042)
(12.7049,17.1238,25) (-0.473988,0.0478547,-0.87923)
(-15.5899,-7.46281,25) (-0.350567,0.920557,-0.172273)
(13.8356,-22.6552,25) (0.0277197,-0.810945,-0.584465)
(2.26981,18.7382,25) (0.111621,0.743992,-0.658799)
(-20.6472,23.7396,25) (-0.0219931,-0.928788,-0.369958)
(-0.382749,10.8723,25) (-0.669833,0.59272,-0.447221)
(-19.055,12.5594,25) (0.266152,-0.125944,-0.955668)
(4.75827,18.947,25) (0.399577,-0.760335,-0.512083)
(6.23592,23.2986,25) (-0.0605075,0.519521,-0.852313)
(-12.6707,-17.277,25) (-0.935031,-0.111215,-0.336672)
(1.72368,7.5642,25) (0.99985,-0.00893886,-0.0148419)
(3.72939,-7.10638,25) (0.0424663,0.316446,-0.94766)
(3.11967,14.7303,25) (-0.0124467,-0.968484,-0.248764)
(-15.4862,-9.55225,25) (-0.407431,0.83686,-0.365603)
(-13.711,21.4375,25) (0.961707,0.255069,-0.100299)
(14.9491,-20.2308,25) (-0.899051,-0.191144,-0.393919)
(23.8235,-7.8444,25) (-0.201096,-0.12038,-0.972147)
(9.12846,-5.76575,25) (0.233217,-0.876209,-0.421743)
(20.5202,-5.56856,25) (-0.749429,-0.571901,-0.333595)
(16.5065,-15.2862,25) (0.40815,0.226277,-0.884428)
(24.4002,-16.306,25) (-0.288431,0.879404,-0.378755)
(4.28391,12.5174,25) (0.159459,-0.658056,-0.735891)
(7.11533,-11.7922,25) (0.204054,-0.948104,-0.243844)
(15.5018,7.97505,25) (0.0829059,0.236684,-0.968043)
(-2.66347,-2.05267,25) (0.442486,0.236039,-0.865154)
(7.2847,-9.70399,25) (-0.033941,0.805549,-0.591556)
(-20.5091,-24.6462,25) (0.0630904,0.786501,-0.614358)
(-1.48305,-20.0416,25) (0.0166346,0.434096,-0.900713)
(-14.6377,-4.34905,25) (-0.631323,0.646272,-0.428676)
(-6.88306,13.2888,25) (0.965104,-0.240757,-0.103005)
(-17.9885,7.43325,25) (0.700995,0.71014,-0.0656314)
(-3.13759,-11.4367,25) (0.971416,-0.213967,-0.10281)
(24.4432,24.1612,25) (-0.593419,0.169791,-0.786781)
(1.17136,-17.2697,25) (0.677417,-0.141997,-0.721764)
(-12.0253,-14.2864,25) (0.440214,0.391641,-0.807978)
(-0.296758,-16.2962,25) (-0.954071,0.201386,-0.221791)
(20.8022,-14.2976,25) (-0.848966,-0.165028,-0.502018)
(-24.4053,-18.9421,25) (-0.900834,-0.173903,-0.397813)
(-18.0129,13.1111,25) (0.040563,0.903213,-0.427272)
(9.37036,-9.1618,25) (0.0928138,-0.1684,-0.981339)
(-23.7095,17.6573,25) (0.0654275,-0.796994,-0.600433)
(-22.7442,4.06804,25) (0.937122,0.287053,-0.1985)
(-23.7808,6.42364,25) (-0.222951,-0.81966,-0.527684)
(-5.85441,-21.0517,25) (0.769925,-0.336424,-0.54225)
(-4.44334,14.9381,25) (-0.665411,-0.344051,-0.662463)
(-18.9917,17.1281,25) (-0.349763,-0.513599,-0.783506)
(-9.79249,24.5159,25) (0.243922,-0.159903,-0.956521)
(-7.371,0.818166,25) (-0.206536,-0.130629,-0.96968)
(-8.07914,12.6812,25) (0.977876,-0.148404,-0.147426)
(6.06383,-13.3486,25) (0.37413,-0.129318,-0.918316)
(-11.3809,-15.2806,25) (-0.302869,0.852009,-0.427027)
(-18.3062,17.3833,25) (-0.409589,0.372089,-0.832938)
(0.938389,17.7598,25) (0.223111,-0.248903,-0.94248)
(-18.9096,21.3075,25) (-0.966696,-0.0438642,-0.252141)
(-11.6997,7.13636,25) (0.33599,-0.930646,-0.144944)
(6.5649,5.76345,25) (0.699357,0.395142,-0.59562)
(-3.31886,-17.7077,25) (0.152425,-0.909628,-0.386451)
(24.5228,2.13555,25) (-0.542295,-0.11046,-0.832896)
(20.1898,17.8589,25) (-0.45964,0.378569,-0.803378)
(1.3823,-24.7894,25) (-0.809494,-0.584531,-0.0551609)
(-5.86108,23.1173,25) (-0.979768,0.0160922,-0.199486)
(-8.18041,-4.36169,25) (-0.237415,0.766292,-0.597018)
(16.8381,-13.6656,25) (-0.941699,-0.0337751,-0.334757)
(7.62669,21.6528,25) (-0.358215,-0.843623,-0.399978)
(13.6966,12.5799,25) (0.282756,-0.486533,-0.826641)
(-2.42456,1.06704,25) (0.785475,0.355972,-0.506274)
(4.41528,8.71266,25) (0.747339,-0.207705,-0.631144)
(-4.80498,20.5587,25) (0.641752,-0.0276647,-0.766413)
(-9.12389,-14.0702,25) (0.937151,-0.272186,-0.218318)
(6.62392,-11.3523,25) (0.678034,-0.734998,-0.00684049)
(13.7452,-0.421948,25) (-0.454658,-0.461293,-0.761902)
(1.33632,3.83352,25) (-0.0387335,-0.472349,-0.88056)
(24.7233,0.500411,25) (0.257111,0.523011,-0.812622)
(-17.6389,6.17812,25) (-0.620665,-0.515106,-0.591135)
(-14.4022,-4.65062,25) (-0.15304,-0.796911,-0.584389)
(24.8268,-23.3696,25) (-0.307308,-0.923493,-0.229615)
(-9.20339,24.3919,25) (0.384841,-0.384408,-0.839123)
(19.2213,-2.27863,25) (0.199316,0.205963,-0.958046)
(10.432,18.321,25) (0.348296,0.403788,-0.845958)
(6.49459,0.468566,25) (-0.404242,-0.914638,-0.00514075)
(-2.02815,12.7757,25) (-0.588502,-0.0906923,-0.803393)
(22.6429,14.4143,25) (0.548468,0.820367,-0.161808)
(20.0451,10.1794,25) (0.00877458,-0.0220258,-0.999719)
(15.6812,-9.91923,25) (0.823881,-0.032333,-0.56584)
(9.46791,6.23753,25) (0.10941,0.893298,-0.435946)
(-0.668543,11.4679,25) (0.947128,-0.0017867,-0.320851)
(-23.6055,-5.58577,25) (-0.798423,-0.162637,-0.579715)
(2.58532,18.7706,25) (-0.892749,-0.364715,-0.264542)
(-7.73951,-14.8643,25) (0.0973305,0.797983,-0.594769)
(1.42428,8.31056,25) (0.16989,-0.847745,-0.50246)
(-0.523573,13.2639,25) (0.201896,-0.439584,-0.875217)
(-14.3668,15.8931,25) (-0.0156667,-0.633863,-0.773287)
(-15.7075,3.56176,25) (-0.537174,-0.303771,-0.786872)
(-17.0607,-9.94162,25) (0.427987,-0.486361,-0.761761)
(-2.79077,-6.00499,25) (0.0205565,-0.871755,-0.489511)
(9.13702,-22.8391,25) (0.98599,0.0366256,-0.162735)
(-23.3435,-3.07069,25) (-0.797449,0.351849,-0.49018)
(6.75586,12.1735,25) (-0.384439,0.426907,-0.818509)
(-6.55284,-22.3305,25) (0.737102,0.626789,-0.252619)
(-5.37963,2.08326,25) (-0.10017,0.991999,-0.0768383)
(-18.8415,2.16295,25) (0.562955,0.824254,-0.0607185)
(1.97804,14.9673,25) (-0.64917,0.602613,-0.46415)
(-1.33558,23.2087,25) (-0.842585,-0.158634,-0.514671)
(5.65692,13.1349,25) (-0.656425,-0.713357,-0.245414)
(-6.36656,-9.16152,25) (0.0809326,0.929978,-0.358597)
(-0.741377,-3.33624,25) (-0.846254,0.118796,-0.519367)
(-24.2389,-18.4308,25) (0.136767,0.912343,-0.385907)
(-2.17428,-24.8308,25) (-0.146938,-0.633898,-0.759331)
(-10.9087,19.4218,25) (0.479857,0.245,-0.842444)
(14.1068,9.00197,25) (-0.9263,-0.230237,-0.298261)
(-19.3793,-24.9592,25) (-0.930606,0.00286821,-0.366012)
(-18.6572,11.3907,25) (0.952387,-0.290369,-0.0929787)
(-24.3606,5.19903,25) (-0.81694,0.122874,-0.563482)
(-3.19878,-2.85992,25) (-0.463177,0.69682,-0.547638)
(24.4184,20.0322,25) (-0.288339,0.691858,-0.661962)
(-8.31959,10.6377,25) (-0.742702,-0.141211,-0.654563)
(2.2437,23.8671,25) (0.431206,-0.214863,-0.876296)
(-23.5026,-21.0287,25) (0.742634,-0.462799,-0.484058)
(17.8719,24.8227,25) (0.773153,0.599582,-0.206728)
(-3.28955,-1.55114,25) (-0.801968,-0.107072,-0.587693)
(21.2112,-24.2297,25) (-0.8692,0.492893,-0.0393298)
(8.05394,18.873,25) (-0.504076,-0.747002,-0.433469)
(24.6819,-19.1218,25) (0.305402,0.166705,-0.937517)
(0.967191,12.221,25) (0.674885,0.626894,-0.389275)
(-8.09865,-22.3644,25) (0.0319939,-0.529655,-0.847609)
(-10.7032,-17.2787,25) (0.276416,0.355464,-0.892883)
(17.7002,1.12334,25) (0.222619,-0.401981,-0.888173)
(-1.03002,9.57923,25) (-0.475329,0.745413,-0.467355)
(9.71224,-0.773138,25) (0.551222,0.168213,-0.817226)
(-13.1926,-14.9586,25) (0.899935,0.289615,-0.325945)
(-6.52728,15.3009,25) (-0.734537,0.654741,-0.178243)
(-16.1251,-24.7765,25) (-0.605673,-0.669898,-0.429415)
(0.891018,-11.2915,25) (-0.730182,0.502582,-0.462867)
(23.1719,17.3681,25) (0.52021,0.811898,-0.26496)
(21.1253,-8.47597,25) (-0.908409,0.418054,-0.00485906)
(-14.0121,-16.897,25) (0.403243,0.662801,-0.630944)
(23.7093,-11.196,25) (-0.723615,-0.478998,-0.496934)
(7.34927,-8.9057,25) (-0.12519,0.985418,-0.115232)
(7.6961,-13.2824,25) (-0.654058,-0.683344,-0.324421)
(-19.7612,-13.585,25) (-0.367582,0.425328,-0.82703)
(-5.83751,-14.3729,25) (-0.23347,0.796632,-0.557556)
(15.0626,3.29771,25) (0.187269,-0.202645,-0.961179)
(13.6389,-20.6648,25) (-0.79518,0.54657,-0.262585)
(-22.4941,-5.56785,25) (0.497932,0.666356,-0.555007)
(-17.8596,23.2917,25) (-0.638784,0.166474,-0.75116)
(-17.529,-16.6995,25) (0.955485,-0.17435,-0.238012)
(-24.3308,16.0124,25) (0.386431,-0.558619,-0.733904)
(-9.49506,24.846,25) (0.122955,0.992311,-0.0142077)
(-9.33233,-14.0148,25) (0.0300471,-0.614652,-0.788226)
(-21.313,-15.2868,25) (0.294702,-0.571982,-0.765498)
(-14.0995,11.5605,25) (-0.890837,0.164235,-0.4236)
(14.8438,21.5787,25) (0.425488,-0.685225,-0.591123)
(9.2622,23.607,25) (-0.93304,-0.149216,-0.327369)
(16.7829,-17.6887,25) (0.198776,0.789475,-0.580704)
(-0.707536,-4.41956,25) (0.711889,-0.0963302,-0.695654)
(14.6123,-4.34923,25) (0.708017,0.687334,-0.162121)
(1.3073,4.31479,25) (-0.625028,-0.595109,-0.505158)
(-1.03523,-12.7498,25) (0.0143766,0.282526,-0.959152)
(9.93953,-12.2415,25) (0.647579,-0.341708,-0.681085)
(-21.2904,16.3414,25) (-0.439976,-0.778879,-0.446955)
(-15.3156,-16.9114,25) (0.0453895,0.99861,-0.0268045)
(-11.0866,1.37597,25) (-0.246778,0.301332,-0.921032)
(20.4036,11.0935,25) (0.902513,0.032394,-0.429442)
(-22.605,-23.5338,25) (0.564859,-0.503702,-0.65362)
(-16.8567,-5.90814,25) (0.599384,-0.587417,-0.543765)
(3.20457,-14.9494,25) (0.304032,0.872392,-0.382749)
(-12.131,-6.49848,25) (-0.85007,0.400428,-0.342108)
(-7.2179,-9.69648,25) (-0.28443,0.556251,-0.780823)
(0.800053,-11.1391,25) (0.337513,-0.317672,-0.886098)
(16.3611,1.44944,25) (0.593,-0.272224,-0.757789)
(8.16242,-24.2164,25) (-0.262324,0.538676,-0.800634)
(22.722,-13.6701,25) (-0.503341,0.521271,-0.689147)
(23.5543,1.48515,25) (-0.324964,0.945708,-0.00586082)
(24.2688,7.41914,25) (-0.396954,-0.334551,-0.854695)
(-3.69108,-14.8288,25) (0.758155,0.326004,-0.564732)
(-11.9044,-23.5584,25) (-0.657863,0.496796,-0.566047)
(-20.4842,-16.5721,25) (-0.904875,-0.135893,-0.403404)
(6.42864,-13.5275,25) (-0.346203,-0.908691,-0.23329)
(-12.1273,3.97884,25) (0.721692,0.373151,-0.583026)
(4.58193,23.4561,25) (0.190729,0.743584,-0.640863)
(-6.45827,-15.6281,25) (0.0856667,0.00041985,-0.996324)
(-16.4224,12.2515,25) (0.261566,0.393364,-0.88139)
(19.6967,1.23961,25) (0.210642,0.196021,-0.957709)
(8.49509,2.5017,25) (0.383196,0.91894,-0.0933252)
(-15.8873,-18.5141,25) (-0.975386,0.212008,-0.0606174)
(2.34813,1.35859,25) (0.604967,-0.796142,-0.0131658)
(17.4071,-14.2969,25) (-0.0200216,0.837742,-0.545699)
(-1.00776,5.82054,25) (0.251454,-0.494307,-0.832124)
(-3.61433,-13.1884,25) (-0.848478,0.368979,-0.379392)
(5.98509,18.5806,25) (0.753527,0.0262713,-0.656892)
(16.0548,6.88374,25) (-0.274515,-0.501556,-0.820417)
(-11.826,-11.3607,25) (0.187701,0.846123,-0.498843)
(15.8741,3.43823,25) (-0.999485,0.00872921,-0.0308731)
(-23.0179,3.44305,25) (-0.194874,0.678903,-0.707895)
(3.48975,8.45407,25) (0.779249,-0.625265,-0.0426119)
(14.9957,9.92815,25) (0.406302,0.201747,-0.891189)
(-2.16224,3.13836,25) (-0.679831,-0.534582,-0.502048)
(16.7811,-10.907,25) (0.21887,-0.820993,-0.527321)
(-15.8559,13.4004,25) (0.852764,0.07572,-0.516778)
(-1.69224,11.9588,25) (-0.14245,0.322988,-0.935621)
(-10.3421,-7.28482,25) (-0.409395,0.91051,-0.0580216)
(-21.599,-10.6509,25) (-0.7859,-0.533471,-0.312682)
(22.5014,2.83335,25) (0.577479,0.691009,-0.43477)
(5.13392,22.846,25) (-0.0882746,-0.0468663,-0.994993)
(-3.2068,-6.76183,25) (0.790475,0.446173,-0.419619)
(-17.6871,-23.1612,25) (-0.158456,-0.985494,-0.0607771)
(15.9918,14.7956,25) (0.907673,0.412673,-0.0763578)
(7.37385,-16.5813,25) (-0.538399,-0.71795,-0.44122)
(-4.08225,2.63685,25) (0.0659632,0.0464291,-0.996741)
(3.35562,-5.84634,25) (0.6184,-0.160903,-0.769215)
(24.4663,22.263,25) (-0.774096,0.622292,-0.116309)
(-8.67777,-3.45992,25) (0.38717,-0.891877,-0.233782)
(-20.4397,6.65594,25) (-0.742776,-0.658366,-0.121813)
(8.90025,-9.89915,25) (0.431744,-0.869398,-0.240301)
(-22.9923,10.2949,25) (-0.969256,0.168847,-0.178981)
(-11.5363,-23.3361,25) (0.607165,0.31304,-0.730313)
(3.77431,-10.4279,25) (0.702376,-0.710154,-0.0484642)
(24.0708,8.14475,25) (-0.597563,0.12556,-0.79193)
(4.85488,1.44096,25) (0.554251,0.274776,-0.785687)
(-8.75346,-15.3289,25) (0.0495196,0.956009,-0.289127)
(20.6515,-14.9734,25) (-0.426216,-0.555188,-0.714217)
(-3.96527,12.2998,25) (0.0977628,-0.94283,-0.318613)
(15.3202,10.4149,25) (-0.572792,0.0932975,-0.814374)
(7.91774,20.8197,25) (0.830937,-0.556256,-0.011097)
(18.1773,19.5939,25) (0.735603,-0.381831,-0.559548)
(20.7157,-0.88423,25) (-0.584269,0.335265,-0.739072)
(-23.1603,-5.22184,25) (-0.0309779,-0.481279,-0.87602)
(20.2792,23.7905,25) (0.480972,0.328199,-0.812989)
(-10.9075,12.4452,25) (-0.625004,0.694947,-0.355553)
(24.8158,24.0237,25) (0.899477,-0.246244,-0.360979)
(7.85883,18.4502,25) (0.0823226,-0.88476,-0.458719)
(20.6175,-0.701176,25) (0.00241875,-0.918566,-0.395261)
(18.9018,19.7197,25) (0.0832064,0.625268,-0.775962)
(-0.516867,-15.0655,25) (-0.717993,0.694172,-0.0511024)
(4.01736,-21.1916,25) (0.572889,-0.101786,-0.813288)
(24.4902,24.5329,25) (-0.904108,0.121245,-0.409741)
(17.6321,2.96131,25) (0.841887,0.466574,-0.271174)
(-16.1766,8.00297,25) (0.92371,0.376888,-0.0686744)
(-4.15336,-13.0405,25) (-0.428058,0.902955,-0.0379218)
(-11.0163,-7.78984,25) (0.0376303,0.750651,-0.659626)
(-22.0722,14.0309,25) (-0.960765,0.254233,-0.110889)
(18.532,11.6602,25) (0.624734,0.698505,-0.348996)
(11.1463,-21.1048,25) (0.986247,-0.100197,-0.131445)
(5.22754,-11.4638,25) (0.143722,-0.338542,-0.92991)
(13.6751,12.7305,25) (-0.709528,0.697012,-0.103658)
(-24.3442,15.0849,25) (0.0542178,0.426612,-0.902808)
(1.06739,-10.6587,25) (0.394121,0.820393,-0.414275)
(10.843,-2.04979,25) (-0.00477509,0.109386,-0.993988)
(21.2119,6.56419,25) (0.171979,0.524576,-0.833813)
(-12.7468,-23.4166,25) (0.696711,0.674271,-0.244852)
(17.4306,-15.6368,25) (0.786529,0.371203,-0.493539)
(5.8447,-5.73739,25) (-0.366445,-0.812931,-0.452617)
(14.8563,23.3406,25) (-0.249805,0.403136,-0.880386)
(22.2588,-23.8342,25) (-0.324153,-0.326736,-0.887789)
(14.4317,-13.9422,25) (0.0912502,-0.63757,-0.76497)
(-3.59455,4.66798,25) (0.202362,-0.96147,-0.186077)
(-21.8547,-10.4436,25) (-0.17233,0.16768,-0.970663)
(4.48606,-24.0956,25) (-0.070806,-0.965024,-0.252417)
(-22.0184,12.0955,25) (0.00149367,-0.917518,-0.397692)
(-18.8908,-13.6284,25) (-0.466226,0.701674,-0.538782)
(-4.03681,-23.4455,25) (0.552025,-0.414594,-0.72345)
(-15.2093,19.0111,25) (-0.549836,-0.477292,-0.685473)
(-13.4034,-11.0026,25) (0.536615,-0.13733,-0.832577)
(-13.4919,4.29138,25) (-0.946255,-0.279998,-0.161873)
(-20.5161,-5.74624,25) (0.268323,-0.508932,-0.817919)
(-6.59983,23.8569,25) (0.270835,0.876487,-0.398018)
(-11.6829,-23.948,25) (0.889025,0.387795,-0.243414)
(23.8523,-19.3369,25) (0.0532167,0.854981,-0.515923)
(10.1764,23.031,25) (-0.946083,-0.314031,-0.0794479)
(-5.83681,3.27624,25) (0.437998,-0.221086,-0.871366)
(-14.7366,11.2887,25) (0.677384,-0.680704,-0.278914)
(-4.60749,21.4037,25) (0.374479,0.0160606,-0.927096)
(-20.3239,18.3996,25) (-0.553952,0.831646,-0.0387502)
(17.761,-10.155,25) (-0.704991,0.694299,-0.144694)
(23.3437,-2.512,25) (0.753327,-0.509796,-0.415459)
(3.94448,21.4523,25) (0.709944,0.659385,-0.247367)
(-22.7481,-16.991,25) (0.114962,-0.920325,-0.373878)
(-24.5991,13.8713,25) (-0.720601,-0.682789,-0.120553)
(-2.63274,-4.3498,25) (-0.160825,-0.497043,-0.852692)
(0.775369,19.9573,25) (0.427507,-0.293878,-0.854911)
(15.6529,13.0265,25) (-0.831718,0.239214,-0.501021)
(11.0336,13.9678,25) (0.418885,0.876183,-0.238409)
(-4.70021,-6.65125,25) (0.236548,-0.138638,-0.961678)
(-5.69366,16.3613,25) (-0.793052,-0.273475,-0.544316)
(-23.124,-18.4854,25) (0.131268,0.848117,-0.513289)
(-23.3226,-0.542238,25) (0.488875,0.151001,-0.859186)
(0.106323,16.723,25) (-0.676054,-0.634891,-0.373983)
(-17.9432,14.7838,25) (-0.288602,0.825066,-0.485773)
(-7.95626,7.41182,25) (0.945733,-0.144862,-0.290869)
(16.9075,11.6446,25) (0.954033,-0.0307952,-0.298115)
(-4.23183,-14.7696,25) (0.551861,0.776568,-0.303959)
(-21.2765,12.4934,25) (-0.217204,0.79625,-0.564631)
(3.30185,5.23694,25) (0.326866,-0.281565,-0.902153)
(2.57453,1.45609,25) (0.693197,0.709581,-0.126379)
(-2.29892,-17.5033,25) (0.442088,0.869099,-0.221866)
(0.990619,2.80139,25) (0.895021,-0.44343,-0.0480252)
(-12.7581,2.37624,25) (-0.561685,0.0210464,-0.827083)
(-19.9401,-22.571,25) (0.896286,-0.410328,-0.168233)
(-16.886,-2.34697,25) (-0.602682,-0.625936,-0.494953)
(-8.70955,22.5996,25) (0.185844,-0.328852,-0.925915)
(-9.93774,12.4181,25) (0.798282,0.546205,-0.253785)
(14.5017,-10.5301,25) (0.144971,0.396423,-0.906549)
(22.3154,3.41578,25) (-0.658014,0.748164,-0.0852492)
(20.6638,12.4108,25) (-0.0631026,0.311125,-0.948272)
(-9.54052,12.0048,25) (-0.0744534,0.801569,-0.593249)
(22.3674,5.67845,25) (0.317959,0.772527,-0.549639)
(-11.008,-13.5319,25) (0.78495,0.307711,-0.537742)
(1.58436,13.7625,25) (-0.915918,0.17519,-0.361113)
(8.00382,-7.03637,25) (-0.613659,-0.706312,-0.35291)
(-22.1539,18.1416,25) (-0.988962,-0.139349,-0.0503594)
(-5.05637,-11.8846,25) (0.522463,-0.715415,-0.463911)
(15.5226,-20.1584,25) (-0.037225,0.929412,-0.36716)
(-15.0541,-21.5405,25) (0.851131,0.459086,-0.254592)
(18.8461,-6.05369,25) (-0.461774,0.0841905,-0.882993)
(-8.22974,-15.6263,25) (-0.861738,-0.246525,-0.443432)
(-9.20867,6.15056,25) (0.633357,-0.772791,-0.0406487)
(-23.0185,17.256,25) (-0.126084,0.341019,-0.931562)
(19.1024,-19.0869,25) (-0.945569,0.0558509,-0.320592)
(14.6532,-19.2389,25) (-0.489715,-0.190673,-0.850778)
(23.1763,-22.4716,25) (0.9274,-0.361945,-0.0944692)
(-15.2009,19.5453,25) (-0.589455,-0.314165,-0.744206)
(-1.92663,12.1805,25) (-0.63164,-0.357336,-0.687999)
(1.99182,14.9279,25) (0.823555,0.226111,-0.520222)
(3.44134,18.7921,25) (-0.49057,-0.0361149,-0.870653)
(21.3977,20.1092,25) (-0.0131052,-0.920349,-0.39088)
(1.51835,9.21418,25) (-0.539987,0.623451,-0.565441)
(-18.28,22.7168,25) (-0.63113,-0.775249,-0.0257826)
(-14.8642,10.6831,25) (0.239797,-0.970605,-0.0205933)
(-0.290115,3.60168,25) (0.341855,0.0591383,-0.93789)
(-5.74137,-11.9294,25) (-0.119991,0.984352,-0.129044)
(-24.6251,11.2064,25) (-0.947951,0.310924,-0.0686609)
(-23.5008,-6.68947,25) (0.633917,-0.448914,-0.629782)
(-13.2054,4.89185,25) (0.204566,-0.371253,-0.905717)
(-16.5504,-22.0523,25) (0.503631,-0.0634662,-0.861585)
(-9.49308,11.5443,25) (-0.602036,0.559467,-0.569692)
(11.3532,18.7509,25) (-0.0995913,-0.994943,-0.013064)
(-22.6284,-3.23256,25) (-0.509412,-0.609351,-0.60761)
(7.09214,12.4543,25) (-0.318378,-0.610933,-0.724842)
(-2.48346,-23.4357,25) (-0.148645,0.534157,-0.832214)
(-23.5044,-23.6591,25) (-0.158273,0.449515,-0.879139)
(-8.21034,3.41561,25) (-0.882601,0.0363711,-0.468714)
(3.34454,-7.48235,25) (0.0465245,0.613801,-0.788088)
(15.8582,20.7739,25) (-0.337715,-0.0953487,-0.936406)
(1.10722,-16.2012,25) (0.826767,-0.43753,-0.353586)
(4.60968,24.8332,25) (0.451631,-0.44674,-0.772304)
(-19.8685,-23.5065,25) (0.489404,-0.607123,-0.626008)
(14.6208,15.1717,25) (0.540952,0.588864,-0.600508)
(5.45182,22.8534,25) (0.671319,0.67389,-0.30855)
(-24.1218,12.5414,25) (0.266834,-0.800462,-0.536712)
(12.8516,4.59075,25) (0.0893835,-0.853492,-0.513383)
(0.431805,20.6697,25) (0.643289,0.378231,-0.665673)
(14.7119,-15.0401,25) (0.649893,-0.138199,-0.747355)
(-12.8102,-24.4405,25) (0.982661,-0.156606,-0.0992577)
(18.284,-12.1533,25) (0.0543998,0.961419,-0.269657)
(-7.24492,9.03915,25) (0.389881,-0.873761,-0.290747)
(24.4592,11.314,25) (0.517888,-0.839274,-0.165563)
(-16.4871,8.10213,25) (0.807049,0.571848,-0.147181)
(2.27107,10.5224,25) (-0.94179,-0.336056,-0.00988808)
(-18.7944,4.72374,25) (0.892158,0.432356,-0.130855)
(-9.88072,1.57518,25) (0.69981,-0.198591,-0.686168)
(-13.4051,10.6218,25) (-0.293609,-0.588825,-0.753046)
(7.08675,-20.3915,25) (0.398693,0.737963,-0.544476)
(-19.7312,-19.0014,25) (0.703462,-0.707219,-0.0705905)
(11.1085,-13.4625,25) (-0.80316,-0.484121,-0.347219)
(6.55727,10.3423,25) (-0.87492,-0.219094,-0.431871)
(21.5147,-7.01643,25) (0.767756,-0.541776,-0.342096)
(16.6392,-11.8244,25) (-0.115902,0.209267,-0.970965)
(24.3103,-0.921722,25) (-0.982294,0.0115022,-0.186993)
(-5.82062,5.4667,25) (-0.493897,-0.296239,-0.817501)
(-12.9053,22.1882,25) (-0.317479,0.941543,-0.112716)
(9.58473,23.9811,25) (-0.115952,-0.741766,-0.660559)
(19.5221,-8.78426,25) (0.740489,-0.644433,-0.190739)
(14.1868,-2.56318,25) (0.996715,0.0807616,-0.00614331)
(19.6813,6.00562,25) (-0.550496,0.17697,-0.815865)
(-10.6046,-1.85867,25) (-0.795626,-0.370009,-0.479659)
