  2.500E+02 3.396E+02 1.227E+00 1.357E-04 0.000E+00 1.353E-04 2.710E-04 1.227E+00 1.731E+02  0.2495 0.95485 9.234E-01
  3.000E+02 3.917E+02 1.232E+00 1.843E-04 0.000E+00 1.543E-04 3.386E-04 1.232E+00 2.138E+02  0.3073 0.96548 9.172E-01
  3.500E+02 4.432E+02 1.240E+00 2.363E-04 0.000E+00 1.733E-04 4.096E-04 1.241E+00 2.543E+02  0.3654 0.97274 9.152E-01
  4.000E+02 4.945E+02 1.251E+00 2.914E-04 0.000E+00 1.923E-04 4.837E-04 1.251E+00 2.944E+02  0.4228 0.97793 9.155E-01
  4.500E+02 5.455E+02 1.262E+00 3.492E-04 0.000E+00 2.113E-04 5.605E-04 1.262E+00 3.342E+02  0.4790 0.98176 9.170E-01
  5.000E+02 5.964E+02 1.273E+00 4.094E-04 0.000E+00 2.303E-04 6.398E-04 1.273E+00 3.736E+02  0.5338 0.98467 9.192E-01
  5.500E+02 6.471E+02 1.284E+00 4.720E-04 0.000E+00 2.493E-04 7.213E-04 1.285E+00 4.127E+02  0.5871 0.98693 9.218E-01
  6.000E+02 6.977E+02 1.295E+00 5.367E-04 0.000E+00 2.684E-04 8.050E-04 1.295E+00 4.515E+02  0.6389 0.98873 9.246E-01
  7.000E+02 7.987E+02 1.315E+00 6.718E-04 0.000E+00 3.064E-04 9.781E-04 1.316E+00 5.281E+02  0.7381 0.99136 9.303E-01
  8.000E+02 8.995E+02 1.334E+00 8.137E-04 0.000E+00 3.444E-04 1.158E-03 1.335E+00 6.035E+02  0.8317 0.99317 9.358E-01
  9.000E+02 1.000E+03 1.351E+00 9.618E-04 0.000E+00 3.825E-04 1.344E-03 1.352E+00 6.779E+02  0.9203 0.99447 9.410E-01
  1.000E+03 1.101E+03 1.367E+00 1.115E-03 0.000E+00 4.205E-04 1.536E-03 1.368E+00 7.514E+02  1.0042 0.99542 9.459E-01
  1.200E+03 1.301E+03 1.395E+00 1.437E-03 6.986E-05 4.965E-04 2.004E-03 1.397E+00 8.961E+02  1.1599 0.99672 9.546E-01
  1.400E+03 1.502E+03 1.419E+00 1.776E-03 3.168E-04 5.726E-04 2.665E-03 1.421E+00 1.038E+03  1.3018 0.99753 9.621E-01
  1.700E+03 1.803E+03 1.449E+00 2.311E-03 7.411E-04 6.867E-04 3.739E-03 1.453E+00 1.247E+03  1.4936 0.99829 9.714E-01
  2.000E+03 2.103E+03 1.475E+00 2.874E-03 1.221E-03 8.038E-04 4.899E-03 1.480E+00 1.451E+03  1.6653 0.99874 9.790E-01
  2.500E+03 2.604E+03 1.510E+00 3.864E-03 2.122E-03 1.010E-03 6.996E-03 1.517E+00 1.785E+03  1.9168 0.99918 9.891E-01
  3.000E+03 3.104E+03 1.538E+00 4.907E-03 3.129E-03 1.220E-03 9.255E-03 1.548E+00 2.111E+03  2.1355 0.99942 9.969E-01
  3.500E+03 3.604E+03 1.562E+00 5.994E-03 4.225E-03 1.431E-03 1.165E-02 1.574E+00 2.431E+03  2.3293 0.99957 1.003E+00
  4.000E+03 4.104E+03 1.582E+00 7.121E-03 5.398E-03 1.645E-03 1.416E-02 1.596E+00 2.747E+03  2.5037 0.99967 1.008E+00
  4.500E+03 4.604E+03 1.600E+00 8.280E-03 6.638E-03 1.860E-03 1.678E-02 1.616E+00 3.058E+03  2.6622 0.99974 1.013E+00
  5.000E+03 5.105E+03 1.615E+00 9.475E-03 7.941E-03 2.072E-03 1.949E-02 1.634E+00 3.365E+03  2.8077 0.99979 1.016E+00
  5.500E+03 5.605E+03 1.629E+00 1.071E-02 9.310E-03 2.269E-03 2.229E-02 1.651E+00 3.670E+03  2.9422 0.99982 1.020E+00
  6.000E+03 6.105E+03 1.641E+00 1.198E-02 1.073E-02 2.465E-03 2.517E-02 1.666E+00 3.971E+03  3.0674 0.99985 1.022E+00
  7.000E+03 7.105E+03 1.662E+00 1.458E-02 1.370E-02 2.856E-03 3.114E-02 1.694E+00 4.566E+03  3.2945 0.99989 1.027E+00
  8.000E+03 8.105E+03 1.681E+00 1.727E-02 1.683E-02 3.246E-03 3.735E-02 1.718E+00 5.153E+03  3.4966 0.99992 1.031E+00
  9.000E+03 9.105E+03 1.696E+00 2.003E-02 2.011E-02 3.634E-03 4.377E-02 1.740E+00 5.731E+03  3.6788 0.99993 1.034E+00
  1.000E+04 1.011E+04 1.710E+00 2.286E-02 2.350E-02 4.019E-03 5.038E-02 1.761E+00 6.302E+03  3.8449 0.99995 1.037E+00
  1.200E+04 1.211E+04 1.733E+00 2.872E-02 3.053E-02 4.752E-03 6.400E-02 1.797E+00 7.426E+03  4.1387 0.99996 1.041E+00
  1.400E+04 1.411E+04 1.752E+00 3.478E-02 3.793E-02 5.476E-03 7.819E-02 1.831E+00 8.529E+03  4.3933 0.99997 1.044E+00
  1.700E+04 1.711E+04 1.776E+00 4.419E-02 4.959E-02 6.547E-03 1.003E-01 1.876E+00 1.015E+04  4.7214 0.99998 1.048E+00
  2.000E+04 2.011E+04 1.794E+00 5.393E-02 6.184E-02 7.605E-03 1.234E-01 1.918E+00 1.173E+04  5.0021 0.99999 1.050E+00
  2.500E+04 2.511E+04 1.819E+00 7.072E-02 8.410E-02 9.428E-03 1.642E-01 1.983E+00 1.429E+04  5.3959 0.99999 1.053E+00
  3.000E+04 3.011E+04 1.839E+00 8.812E-02 1.076E-01 1.124E-02 2.069E-01 2.046E+00 1.677E+04  5.7242 0.99999 1.056E+00
  3.500E+04 3.511E+04 1.855E+00 1.060E-01 1.321E-01 1.304E-02 2.512E-01 2.106E+00 1.918E+04  6.0061 1.00000 1.057E+00
  4.000E+04 4.011E+04 1.868E+00 1.244E-01 1.575E-01 1.483E-02 2.967E-01 2.165E+00 2.152E+04  6.2532 1.00000 1.058E+00
  4.500E+04 4.511E+04 1.880E+00 1.431E-01 1.837E-01 1.662E-02 3.434E-01 2.223E+00 2.380E+04  6.4733 1.00000 1.059E+00
  5.000E+04 5.011E+04 1.890E+00 1.621E-01 2.105E-01 1.840E-02 3.910E-01 2.281E+00 2.602E+04  6.6717 1.00000 1.060E+00
  5.500E+04 5.511E+04 1.899E+00 1.813E-01 2.372E-01 2.018E-02 4.387E-01 2.338E+00 2.819E+04  6.8524 1.00000 1.061E+00
  6.000E+04 6.011E+04 1.907E+00 2.008E-01 2.644E-01 2.195E-02 4.871E-01 2.394E+00 3.030E+04  7.0184 1.00000 1.061E+00
  7.000E+04 7.011E+04 1.922E+00 2.404E-01 3.201E-01 2.548E-02 5.860E-01 2.508E+00 3.438E+04  7.3144 1.00000 1.062E+00
  8.000E+04 8.011E+04 1.934E+00 2.808E-01 3.774E-01 2.900E-02 6.872E-01 2.621E+00 3.828E+04  7.5727 1.00000 1.062E+00
  9.000E+04 9.011E+04 1.944E+00 3.219E-01 4.360E-01 3.250E-02 7.904E-01 2.735E+00 4.202E+04  7.8019 1.00000 1.063E+00
  1.000E+05 1.001E+05 1.953E+00 3.636E-01 4.959E-01 3.599E-02 8.955E-01 2.849E+00 4.560E+04  8.0080 1.00000 1.063E+00
  1.200E+05 1.201E+05 1.969E+00 4.478E-01 6.163E-01 4.306E-02 1.107E+00 3.076E+00 5.235E+04  8.3664 1.00000 1.063E+00
  1.400E+05 1.401E+05 1.983E+00 5.337E-01 7.399E-01 5.012E-02 1.324E+00 3.306E+00 5.862E+04  8.6711 1.00000 1.064E+00
  1.700E+05 1.701E+05 1.999E+00 6.653E-01 9.304E-01 6.067E-02 1.656E+00 3.656E+00 6.725E+04  9.0565 1.00000 1.064E+00
  2.000E+05 2.001E+05 2.013E+00 7.998E-01 1.126E+00 7.120E-02 1.997E+00 4.010E+00 7.509E+04  9.3803 1.00000 1.064E+00
  2.016E+05 2.017E+05 2.013E+00 8.067E-01 1.136E+00 7.176E-02 2.015E+00 4.028E+00  Muon critical energy       
  2.500E+05 2.501E+05 2.031E+00 1.025E+00 1.446E+00 8.899E-02 2.559E+00 4.591E+00 8.673E+04  9.8258 1.00000 1.064E+00
  3.000E+05 3.001E+05 2.047E+00 1.254E+00 1.772E+00 1.068E-01 3.133E+00 5.179E+00 9.698E+04 10.1903 1.00000 1.064E+00
  3.500E+05 3.501E+05 2.059E+00 1.488E+00 2.104E+00 1.246E-01 3.716E+00 5.775E+00 1.061E+05 10.4985 1.00000 1.064E+00
  4.000E+05 4.001E+05 2.071E+00 1.724E+00 2.441E+00 1.424E-01 4.307E+00 6.378E+00 1.144E+05 10.7654 1.00000 1.064E+00
  4.500E+05 4.501E+05 2.080E+00 1.963E+00 2.782E+00 1.602E-01 4.905E+00 6.986E+00 1.218E+05 11.0010 1.00000 1.064E+00
  5.000E+05 5.001E+05 2.089E+00 2.205E+00 3.127E+00 1.780E-01 5.510E+00 7.599E+00 1.287E+05 11.2116 1.00000 1.064E+00
  5.500E+05 5.501E+05 2.097E+00 2.445E+00 3.465E+00 1.962E-01 6.106E+00 8.203E+00 1.350E+05 11.4022 1.00000 1.064E+00
  6.000E+05 6.001E+05 2.105E+00 2.686E+00 3.805E+00 2.145E-01 6.705E+00 8.810E+00 1.409E+05 11.5762 1.00000 1.064E+00
  7.000E+05 7.001E+05 2.118E+00 3.172E+00 4.491E+00 2.511E-01 7.914E+00 1.003E+01 1.515E+05 11.8845 1.00000 1.064E+00
  8.000E+05 8.001E+05 2.129E+00 3.664E+00 5.184E+00 2.878E-01 9.136E+00 1.126E+01 1.610E+05 12.1515 1.00000 1.064E+00
  9.000E+05 9.001E+05 2.139E+00 4.161E+00 5.883E+00 3.246E-01 1.037E+01 1.251E+01 1.694E+05 12.3870 1.00000 1.064E+00
  1.000E+06 1.000E+06 2.148E+00 4.661E+00 6.587E+00 3.615E-01 1.161E+01 1.376E+01 1.770E+05 12.5977 1.00000 1.064E+00
  1.200E+06 1.200E+06 2.163E+00 5.655E+00 7.981E+00 4.366E-01 1.407E+01 1.624E+01 1.904E+05 12.9623 1.00000 1.064E+00
  1.400E+06 1.400E+06 2.177E+00 6.659E+00 9.387E+00 5.121E-01 1.656E+01 1.873E+01 2.018E+05 13.2706 1.00000 1.064E+00
  1.700E+06 1.700E+06 2.194E+00 8.180E+00 1.151E+01 6.260E-01 2.032E+01 2.251E+01 2.164E+05 13.6589 1.00000 1.064E+00
  2.000E+06 2.000E+06 2.208E+00 9.716E+00 1.366E+01 7.406E-01 2.412E+01 2.632E+01 2.287E+05 13.9839 1.00000 1.064E+00
  2.500E+06 2.500E+06 2.227E+00 1.226E+01 1.720E+01 9.357E-01 3.039E+01 3.262E+01 2.458E+05 14.4302 1.00000 1.064E+00
  3.000E+06 3.000E+06 2.243E+00 1.482E+01 2.076E+01 1.132E+00 3.671E+01 3.895E+01 2.598E+05 14.7948 1.00000 1.064E+00
  3.500E+06 3.500E+06 2.257E+00 1.740E+01 2.434E+01 1.331E+00 4.307E+01 4.532E+01 2.717E+05 15.1031 1.00000 1.064E+00
  4.000E+06 4.000E+06 2.269E+00 1.999E+01 2.793E+01 1.530E+00 4.945E+01 5.172E+01 2.820E+05 15.3701 1.00000 1.064E+00
  4.500E+06 4.500E+06 2.280E+00 2.260E+01 3.154E+01 1.731E+00 5.587E+01 5.815E+01 2.911E+05 15.6057 1.00000 1.064E+00
  5.000E+06 5.000E+06 2.289E+00 2.521E+01 3.516E+01 1.933E+00 6.231E+01 6.460E+01 2.992E+05 15.8164 1.00000 1.064E+00
  5.500E+06 5.500E+06 2.298E+00 2.781E+01 3.875E+01 2.138E+00 6.870E+01 7.099E+01 3.066E+05 16.0070 1.00000 1.064E+00
  6.000E+06 6.000E+06 2.306E+00 3.040E+01 4.235E+01 2.344E+00 7.509E+01 7.740E+01 3.134E+05 16.1811 1.00000 1.064E+00
  7.000E+06 7.000E+06 2.320E+00 3.561E+01 4.955E+01 2.760E+00 8.792E+01 9.024E+01 3.253E+05 16.4893 1.00000 1.064E+00
  8.000E+06 8.000E+06 2.332E+00 4.084E+01 5.677E+01 3.179E+00 1.008E+02 1.031E+02 3.357E+05 16.7564 1.00000 1.064E+00
  9.000E+06 9.000E+06 2.343E+00 4.609E+01 6.402E+01 3.601E+00 1.137E+02 1.161E+02 3.448E+05 16.9920 1.00000 1.064E+00
  1.000E+07 1.000E+07 2.353E+00 5.135E+01 7.127E+01 4.026E+00 1.267E+02 1.290E+02 3.530E+05 17.2027 1.00000 1.064E+00
  1.200E+07 1.200E+07 2.370E+00 6.182E+01 8.572E+01 4.890E+00 1.524E+02 1.548E+02 3.671E+05 17.5673 1.00000 1.064E+00
  1.400E+07 1.400E+07 2.385E+00 7.231E+01 1.002E+02 5.764E+00 1.783E+02 1.807E+02 3.791E+05 17.8756 1.00000 1.064E+00
  1.700E+07 1.700E+07 2.403E+00 8.810E+01 1.220E+02 7.088E+00 2.172E+02 2.196E+02 3.941E+05 18.2639 1.00000 1.064E+00
  2.000E+07 2.000E+07 2.419E+00 1.039E+02 1.438E+02 8.426E+00 2.561E+02 2.586E+02 4.067E+05 18.5890 1.00000 1.064E+00
  2.500E+07 2.500E+07 2.441E+00 1.302E+02 1.800E+02 1.071E+01 3.210E+02 3.234E+02 4.239E+05 19.0353 1.00000 1.064E+00
  3.000E+07 3.000E+07 2.459E+00 1.566E+02 2.163E+02 1.303E+01 3.859E+02 3.884E+02 4.380E+05 19.3999 1.00000 1.064E+00
  3.500E+07 3.500E+07 2.474E+00 1.830E+02 2.526E+02 1.537E+01 4.510E+02 4.534E+02 4.499E+05 19.7082 1.00000 1.064E+00
  4.000E+07 4.000E+07 2.487E+00 2.094E+02 2.890E+02 1.774E+01 5.161E+02 5.186E+02 4.602E+05 19.9753 1.00000 1.064E+00
  4.500E+07 4.500E+07 2.499E+00 2.359E+02 3.253E+02 2.012E+01 5.814E+02 5.839E+02 4.693E+05 20.2108 1.00000 1.064E+00
  5.000E+07 5.000E+07 2.509E+00 2.624E+02 3.618E+02 2.253E+01 6.467E+02 6.492E+02 4.774E+05 20.4215 1.00000 1.064E+00
  5.500E+07 5.500E+07 2.519E+00 2.888E+02 3.981E+02 2.497E+01 7.119E+02 7.144E+02 4.848E+05 20.6122 1.00000 1.064E+00
  6.000E+07 6.000E+07 2.528E+00 3.153E+02 4.344E+02 2.742E+01 7.771E+02 7.796E+02 4.915E+05 20.7862 1.00000 1.064E+00
  7.000E+07 7.000E+07 2.544E+00 3.682E+02 5.071E+02 3.238E+01 9.077E+02 9.102E+02 5.033E+05 21.0945 1.00000 1.064E+00
  8.000E+07 8.000E+07 2.557E+00 4.211E+02 5.799E+02 3.740E+01 1.038E+03 1.041E+03 5.136E+05 21.3616 1.00000 1.064E+00
  9.000E+07 9.000E+07 2.569E+00 4.741E+02 6.527E+02 4.245E+01 1.169E+03 1.172E+03 5.226E+05 21.5971 1.00000 1.064E+00
  1.000E+08 1.000E+08 2.580E+00 5.271E+02 7.255E+02 4.755E+01 1.300E+03 1.303E+03 5.307E+05 21.8078 1.00000 1.064E+00
  1.200E+08 1.200E+08 2.599E+00 6.326E+02 8.706E+02 5.706E+01 1.560E+03 1.563E+03 5.447E+05 22.1725 1.00000 1.064E+00
  1.400E+08 1.400E+08 2.616E+00 7.380E+02 1.016E+03 6.657E+01 1.820E+03 1.823E+03 5.566E+05 22.4808 1.00000 1.064E+00
  1.700E+08 1.700E+08 2.636E+00 8.961E+02 1.233E+03 8.084E+01 2.210E+03 2.213E+03 5.715E+05 22.8691 1.00000 1.064E+00
  2.000E+08 2.000E+08 2.654E+00 1.054E+03 1.451E+03 9.510E+01 2.600E+03 2.603E+03 5.840E+05 23.1941 1.00000 1.064E+00
  2.500E+08 2.500E+08 2.678E+00 1.318E+03 1.814E+03 1.189E+02 3.250E+03 3.253E+03 6.011E+05 23.6404 1.00000 1.064E+00
  3.000E+08 3.000E+08 2.698E+00 1.581E+03 2.176E+03 1.427E+02 3.900E+03 3.903E+03 6.151E+05 24.0051 1.00000 1.064E+00
  3.500E+08 3.500E+08 2.715E+00 1.845E+03 2.539E+03 1.664E+02 4.551E+03 4.553E+03 6.270E+05 24.3134 1.00000 1.064E+00
  4.000E+08 4.000E+08 2.730E+00 2.109E+03 2.902E+03 1.902E+02 5.201E+03 5.203E+03 6.372E+05 24.5804 1.00000 1.064E+00
  4.500E+08 4.500E+08 2.743E+00 2.372E+03 3.265E+03 2.140E+02 5.851E+03 5.853E+03 6.463E+05 24.8160 1.00000 1.064E+00
  5.000E+08 5.000E+08 2.755E+00 2.636E+03 3.627E+03 2.378E+02 6.501E+03 6.504E+03 6.544E+05 25.0267 1.00000 1.064E+00
  5.500E+08 5.500E+08 2.765E+00 2.899E+03 3.990E+03 2.615E+02 7.151E+03 7.154E+03 6.617E+05 25.2173 1.00000 1.064E+00
  6.000E+08 6.000E+08 2.775E+00 3.163E+03 4.353E+03 2.853E+02 7.801E+03 7.804E+03 6.684E+05 25.3914 1.00000 1.064E+00
  7.000E+08 7.000E+08 2.793E+00 3.690E+03 5.078E+03 3.329E+02 9.101E+03 9.104E+03 6.803E+05 25.6997 1.00000 1.064E+00
  8.000E+08 8.000E+08 2.808E+00 4.217E+03 5.804E+03 3.804E+02 1.040E+04 1.040E+04 6.905E+05 25.9667 1.00000 1.064E+00
  9.000E+08 9.000E+08 2.822E+00 4.744E+03 6.529E+03 4.280E+02 1.170E+04 1.170E+04 6.996E+05 26.2023 1.00000 1.064E+00
  1.000E+09 1.000E+09 2.834E+00 5.271E+03 7.255E+03 4.755E+02 1.300E+04 1.300E+04 7.077E+05 26.4130 1.00000 1.064E+00
