  3.000E+02 3.917E+02 1.805E+00 4.850E-05 0.000E+00 1.864E-04 2.349E-04 1.805E+00 1.443E+02  0.0000 0.96548 1.419E+00
  3.500E+02 4.432E+02 1.816E+00 6.090E-05 0.000E+00 2.094E-04 2.703E-04 1.816E+00 1.719E+02  0.0000 0.97274 1.417E+00
  4.000E+02 4.945E+02 1.830E+00 7.397E-05 0.000E+00 2.324E-04 3.063E-04 1.831E+00 1.993E+02  0.0000 0.97793 1.419E+00
  4.500E+02 5.455E+02 1.846E+00 8.763E-05 0.000E+00 2.553E-04 3.430E-04 1.846E+00 2.265E+02  0.0000 0.98176 1.423E+00
  5.000E+02 5.964E+02 1.862E+00 1.018E-04 0.000E+00 2.783E-04 3.801E-04 1.863E+00 2.535E+02  0.0000 0.98467 1.428E+00
  5.500E+02 6.471E+02 1.879E+00 1.166E-04 0.000E+00 3.013E-04 4.178E-04 1.879E+00 2.802E+02  0.0000 0.98693 1.434E+00
  6.000E+02 6.977E+02 1.895E+00 1.317E-04 0.000E+00 3.243E-04 4.560E-04 1.895E+00 3.067E+02  0.0000 0.98873 1.441E+00
  7.000E+02 7.987E+02 1.926E+00 1.634E-04 0.000E+00 3.702E-04 5.336E-04 1.926E+00 3.590E+02  0.0000 0.99136 1.454E+00
  8.000E+02 8.995E+02 1.955E+00 1.965E-04 0.000E+00 4.162E-04 6.126E-04 1.956E+00 4.105E+02  0.0000 0.99317 1.467E+00
  9.000E+02 1.000E+03 1.982E+00 2.309E-04 0.000E+00 4.621E-04 6.930E-04 1.983E+00 4.613E+02  0.0000 0.99447 1.479E+00
  1.000E+03 1.101E+03 2.007E+00 2.666E-04 9.340E-06 5.081E-04 7.840E-04 2.008E+00 5.114E+02  0.0000 0.99542 1.491E+00
  1.200E+03 1.301E+03 2.053E+00 3.412E-04 5.903E-05 6.000E-04 1.000E-03 2.054E+00 6.099E+02  0.0000 0.99672 1.513E+00
  1.400E+03 1.502E+03 2.093E+00 4.194E-04 1.155E-04 6.919E-04 1.227E-03 2.094E+00 7.063E+02  0.0000 0.99753 1.532E+00
  1.700E+03 1.803E+03 2.145E+00 5.428E-04 2.111E-04 8.297E-04 1.584E-03 2.146E+00 8.478E+02  0.0000 0.99829 1.558E+00
  2.000E+03 2.103E+03 2.189E+00 6.722E-04 3.177E-04 9.708E-04 1.961E-03 2.191E+00 9.861E+02  0.0000 0.99874 1.580E+00
  2.500E+03 2.604E+03 2.251E+00 8.991E-04 5.159E-04 1.218E-03 2.633E-03 2.254E+00 1.211E+03  0.0000 0.99918 1.612E+00
  3.000E+03 3.104E+03 2.302E+00 1.138E-03 7.354E-04 1.468E-03 3.341E-03 2.306E+00 1.430E+03  0.0000 0.99942 1.638E+00
  3.500E+03 3.604E+03 2.346E+00 1.386E-03 9.729E-04 1.720E-03 4.079E-03 2.350E+00 1.645E+03  0.0000 0.99957 1.660E+00
  4.000E+03 4.104E+03 2.384E+00 1.643E-03 1.226E-03 1.975E-03 4.844E-03 2.389E+00 1.856E+03  0.0000 0.99967 1.680E+00
  4.500E+03 4.604E+03 2.418E+00 1.907E-03 1.492E-03 2.231E-03 5.630E-03 2.423E+00 2.064E+03  0.0000 0.99974 1.697E+00
  5.000E+03 5.105E+03 2.448E+00 2.179E-03 1.773E-03 2.484E-03 6.436E-03 2.454E+00 2.269E+03  0.0000 0.99979 1.713E+00
  5.500E+03 5.605E+03 2.475E+00 2.462E-03 2.075E-03 2.717E-03 7.253E-03 2.482E+00 2.471E+03  0.0000 0.99982 1.727E+00
  6.000E+03 6.105E+03 2.499E+00 2.750E-03 2.388E-03 2.948E-03 8.087E-03 2.507E+00 2.672E+03  0.0097 0.99985 1.740E+00
  7.000E+03 7.105E+03 2.536E+00 3.342E-03 3.044E-03 3.410E-03 9.796E-03 2.545E+00 3.068E+03  0.0995 0.99989 1.756E+00
  8.000E+03 8.105E+03 2.567E+00 3.953E-03 3.735E-03 3.868E-03 1.156E-02 2.578E+00 3.458E+03  0.1877 0.99992 1.769E+00
  9.000E+03 9.105E+03 2.593E+00 4.580E-03 4.455E-03 4.324E-03 1.336E-02 2.607E+00 3.844E+03  0.2732 0.99993 1.780E+00
  1.000E+04 1.011E+04 2.617E+00 5.222E-03 5.206E-03 4.777E-03 1.520E-02 2.632E+00 4.225E+03  0.3558 0.99995 1.790E+00
  1.200E+04 1.211E+04 2.656E+00 6.557E-03 6.820E-03 5.656E-03 1.903E-02 2.675E+00 4.979E+03  0.5116 0.99996 1.806E+00
  1.400E+04 1.411E+04 2.687E+00 7.938E-03 8.523E-03 6.524E-03 2.298E-02 2.710E+00 5.722E+03  0.6559 0.99997 1.818E+00
  1.700E+04 1.711E+04 2.726E+00 1.008E-02 1.122E-02 7.811E-03 2.911E-02 2.755E+00 6.819E+03  0.8532 0.99998 1.833E+00
  2.000E+04 2.011E+04 2.757E+00 1.230E-02 1.405E-02 9.083E-03 3.543E-02 2.792E+00 7.901E+03  1.0311 0.99999 1.844E+00
  2.500E+04 2.511E+04 2.797E+00 1.614E-02 1.914E-02 1.120E-02 4.648E-02 2.844E+00 9.674E+03  1.2936 0.99999 1.858E+00
  3.000E+04 3.011E+04 2.829E+00 2.013E-02 2.450E-02 1.329E-02 5.793E-02 2.887E+00 1.142E+04  1.5228 0.99999 1.868E+00
  3.500E+04 3.511E+04 2.855E+00 2.423E-02 3.011E-02 1.537E-02 6.971E-02 2.924E+00 1.314E+04  1.7263 1.00000 1.876E+00
  4.000E+04 4.011E+04 2.876E+00 2.843E-02 3.592E-02 1.742E-02 8.177E-02 2.958E+00 1.484E+04  1.9096 1.00000 1.882E+00
  4.500E+04 4.511E+04 2.894E+00 3.272E-02 4.191E-02 1.946E-02 9.409E-02 2.988E+00 1.652E+04  2.0763 1.00000 1.888E+00
  5.000E+04 5.011E+04 2.910E+00 3.709E-02 4.805E-02 2.148E-02 1.066E-01 3.017E+00 1.819E+04  2.2294 1.00000 1.892E+00
  5.500E+04 5.511E+04 2.925E+00 4.151E-02 5.424E-02 2.354E-02 1.193E-01 3.044E+00 1.984E+04  2.3710 1.00000 1.896E+00
  6.000E+04 6.011E+04 2.937E+00 4.600E-02 6.055E-02 2.559E-02 1.321E-01 3.069E+00 2.147E+04  2.5027 1.00000 1.899E+00
  7.000E+04 7.011E+04 2.959E+00 5.514E-02 7.349E-02 2.968E-02 1.583E-01 3.117E+00 2.470E+04  2.7415 1.00000 1.904E+00
  8.000E+04 8.011E+04 2.977E+00 6.447E-02 8.681E-02 3.374E-02 1.850E-01 3.163E+00 2.789E+04  2.9539 1.00000 1.908E+00
  9.000E+04 9.011E+04 2.993E+00 7.397E-02 1.005E-01 3.778E-02 2.122E-01 3.206E+00 3.103E+04  3.1452 1.00000 1.912E+00
  1.000E+05 1.001E+05 3.007E+00 8.363E-02 1.144E-01 4.180E-02 2.398E-01 3.247E+00 3.413E+04  3.3194 1.00000 1.914E+00
  1.200E+05 1.201E+05 3.031E+00 1.032E-01 1.426E-01 4.998E-02 2.958E-01 3.326E+00 4.021E+04  3.6272 1.00000 1.919E+00
  1.400E+05 1.401E+05 3.050E+00 1.232E-01 1.716E-01 5.812E-02 3.530E-01 3.403E+00 4.616E+04  3.8934 1.00000 1.922E+00
  1.700E+05 1.701E+05 3.073E+00 1.540E-01 2.164E-01 7.029E-02 4.407E-01 3.514E+00 5.483E+04  4.2358 1.00000 1.926E+00
  2.000E+05 2.001E+05 3.092E+00 1.854E-01 2.625E-01 8.242E-02 5.303E-01 3.623E+00 6.324E+04  4.5281 1.00000 1.928E+00
  2.500E+05 2.501E+05 3.118E+00 2.382E-01 3.386E-01 1.030E-01 6.797E-01 3.798E+00 7.672E+04  4.9369 1.00000 1.931E+00
  3.000E+05 3.001E+05 3.139E+00 2.922E-01 4.165E-01 1.235E-01 8.322E-01 3.971E+00 8.959E+04  5.2769 1.00000 1.933E+00
  3.500E+05 3.501E+05 3.156E+00 3.471E-01 4.960E-01 1.440E-01 9.871E-01 4.143E+00 1.019E+05  5.5679 1.00000 1.934E+00
  4.000E+05 4.001E+05 3.170E+00 4.029E-01 5.768E-01 1.646E-01 1.144E+00 4.315E+00 1.137E+05  5.8225 1.00000 1.935E+00
  4.500E+05 4.501E+05 3.183E+00 4.594E-01 6.589E-01 1.851E-01 1.303E+00 4.487E+00 1.251E+05  6.0487 1.00000 1.936E+00
  5.000E+05 5.001E+05 3.195E+00 5.166E-01 7.419E-01 2.056E-01 1.464E+00 4.659E+00 1.360E+05  6.2523 1.00000 1.936E+00
  5.500E+05 5.501E+05 3.205E+00 5.733E-01 8.240E-01 2.267E-01 1.624E+00 4.829E+00 1.466E+05  6.4374 1.00000 1.937E+00
  6.000E+05 6.001E+05 3.214E+00 6.306E-01 9.068E-01 2.478E-01 1.785E+00 4.999E+00 1.568E+05  6.6071 1.00000 1.937E+00
  7.000E+05 7.001E+05 3.231E+00 7.462E-01 1.074E+00 2.901E-01 2.110E+00 5.341E+00 1.761E+05  6.9092 1.00000 1.938E+00
  8.000E+05 8.001E+05 3.245E+00 8.632E-01 1.244E+00 3.326E-01 2.440E+00 5.684E+00 1.943E+05  7.1722 1.00000 1.938E+00
  9.000E+05 9.001E+05 3.257E+00 9.815E-01 1.415E+00 3.752E-01 2.772E+00 6.029E+00 2.113E+05  7.4051 1.00000 1.938E+00
  1.000E+06 1.000E+06 3.268E+00 1.101E+00 1.588E+00 4.179E-01 3.107E+00 6.375E+00 2.275E+05  7.6140 1.00000 1.938E+00
  1.050E+06 1.050E+06 3.274E+00 1.160E+00 1.674E+00 4.398E-01 3.274E+00 6.547E+00  Muon critical energy       
  1.200E+06 1.200E+06 3.288E+00 1.339E+00 1.929E+00 5.050E-01 3.773E+00 7.060E+00 2.573E+05  7.9765 1.00000 1.938E+00
  1.400E+06 1.400E+06 3.304E+00 1.579E+00 2.273E+00 5.926E-01 4.445E+00 7.749E+00 2.843E+05  8.2839 1.00000 1.938E+00
  1.700E+06 1.700E+06 3.325E+00 1.944E+00 2.795E+00 7.249E-01 5.464E+00 8.788E+00 3.206E+05  8.6717 1.00000 1.938E+00
  2.000E+06 2.000E+06 3.342E+00 2.314E+00 3.322E+00 8.580E-01 6.494E+00 9.836E+00 3.529E+05  8.9966 1.00000 1.938E+00
  2.500E+06 2.500E+06 3.366E+00 2.926E+00 4.191E+00 1.085E+00 8.202E+00 1.157E+01 3.997E+05  9.4429 1.00000 1.938E+00
  3.000E+06 3.000E+06 3.386E+00 3.544E+00 5.068E+00 1.315E+00 9.926E+00 1.331E+01 4.400E+05  9.8075 1.00000 1.938E+00
  3.500E+06 3.500E+06 3.403E+00 4.167E+00 5.950E+00 1.546E+00 1.166E+01 1.507E+01 4.753E+05 10.1158 1.00000 1.938E+00
  4.000E+06 4.000E+06 3.417E+00 4.795E+00 6.837E+00 1.779E+00 1.341E+01 1.683E+01 5.066E+05 10.3828 1.00000 1.938E+00
  4.500E+06 4.500E+06 3.430E+00 5.426E+00 7.729E+00 2.013E+00 1.517E+01 1.860E+01 5.349E+05 10.6184 1.00000 1.938E+00
  5.000E+06 5.000E+06 3.442E+00 6.061E+00 8.624E+00 2.249E+00 1.693E+01 2.038E+01 5.606E+05 10.8291 1.00000 1.938E+00
  5.500E+06 5.500E+06 3.453E+00 6.689E+00 9.509E+00 2.489E+00 1.869E+01 2.214E+01 5.841E+05 11.0197 1.00000 1.938E+00
  6.000E+06 6.000E+06 3.463E+00 7.319E+00 1.040E+01 2.731E+00 2.045E+01 2.391E+01 6.058E+05 11.1938 1.00000 1.938E+00
  7.000E+06 7.000E+06 3.480E+00 8.584E+00 1.218E+01 3.219E+00 2.398E+01 2.746E+01 6.448E+05 11.5020 1.00000 1.938E+00
  8.000E+06 8.000E+06 3.495E+00 9.855E+00 1.396E+01 3.711E+00 2.753E+01 3.102E+01 6.791E+05 11.7691 1.00000 1.938E+00
  9.000E+06 9.000E+06 3.508E+00 1.113E+01 1.575E+01 4.207E+00 3.109E+01 3.460E+01 7.096E+05 12.0047 1.00000 1.938E+00
  1.000E+07 1.000E+07 3.520E+00 1.241E+01 1.755E+01 4.706E+00 3.467E+01 3.819E+01 7.371E+05 12.2154 1.00000 1.938E+00
  1.200E+07 1.200E+07 3.541E+00 1.496E+01 2.112E+01 5.725E+00 4.180E+01 4.535E+01 7.851E+05 12.5800 1.00000 1.938E+00
  1.400E+07 1.400E+07 3.559E+00 1.751E+01 2.470E+01 6.755E+00 4.897E+01 5.253E+01 8.260E+05 12.8883 1.00000 1.938E+00
  1.700E+07 1.700E+07 3.582E+00 2.136E+01 3.008E+01 8.319E+00 5.977E+01 6.335E+01 8.780E+05 13.2766 1.00000 1.938E+00
  2.000E+07 2.000E+07 3.601E+00 2.523E+01 3.548E+01 9.902E+00 7.061E+01 7.422E+01 9.217E+05 13.6017 1.00000 1.938E+00
  2.500E+07 2.500E+07 3.628E+00 3.164E+01 4.445E+01 1.261E+01 8.870E+01 9.233E+01 9.820E+05 14.0480 1.00000 1.938E+00
  3.000E+07 3.000E+07 3.650E+00 3.807E+01 5.342E+01 1.536E+01 1.069E+02 1.105E+02 1.031E+06 14.4126 1.00000 1.938E+00
  3.500E+07 3.500E+07 3.668E+00 4.452E+01 6.242E+01 1.815E+01 1.251E+02 1.288E+02 1.073E+06 14.7209 1.00000 1.938E+00
  4.000E+07 4.000E+07 3.685E+00 5.098E+01 7.142E+01 2.096E+01 1.434E+02 1.471E+02 1.110E+06 14.9880 1.00000 1.938E+00
  4.500E+07 4.500E+07 3.699E+00 5.746E+01 8.044E+01 2.380E+01 1.617E+02 1.654E+02 1.142E+06 15.2235 1.00000 1.938E+00
  5.000E+07 5.000E+07 3.712E+00 6.394E+01 8.947E+01 2.667E+01 1.801E+02 1.838E+02 1.170E+06 15.4342 1.00000 1.938E+00
  5.500E+07 5.500E+07 3.724E+00 7.040E+01 9.846E+01 2.959E+01 1.984E+02 2.022E+02 1.196E+06 15.6249 1.00000 1.938E+00
  6.000E+07 6.000E+07 3.735E+00 7.686E+01 1.075E+02 3.252E+01 2.168E+02 2.206E+02 1.220E+06 15.7989 1.00000 1.938E+00
  7.000E+07 7.000E+07 3.754E+00 8.979E+01 1.255E+02 3.845E+01 2.537E+02 2.575E+02 1.262E+06 16.1072 1.00000 1.938E+00
  8.000E+07 8.000E+07 3.771E+00 1.027E+02 1.435E+02 4.445E+01 2.907E+02 2.945E+02 1.298E+06 16.3743 1.00000 1.938E+00
  9.000E+07 9.000E+07 3.786E+00 1.157E+02 1.615E+02 5.051E+01 3.277E+02 3.315E+02 1.330E+06 16.6098 1.00000 1.938E+00
  1.000E+08 1.000E+08 3.799E+00 1.287E+02 1.796E+02 5.662E+01 3.649E+02 3.687E+02 1.359E+06 16.8205 1.00000 1.938E+00
  1.200E+08 1.200E+08 3.823E+00 1.544E+02 2.155E+02 6.794E+01 4.378E+02 4.417E+02 1.408E+06 17.1852 1.00000 1.938E+00
  1.400E+08 1.400E+08 3.843E+00 1.802E+02 2.514E+02 7.927E+01 5.108E+02 5.147E+02 1.450E+06 17.4935 1.00000 1.938E+00
  1.700E+08 1.700E+08 3.868E+00 2.188E+02 3.052E+02 9.625E+01 6.203E+02 6.241E+02 1.503E+06 17.8818 1.00000 1.938E+00
  2.000E+08 2.000E+08 3.889E+00 2.574E+02 3.591E+02 1.132E+02 7.297E+02 7.336E+02 1.547E+06 18.2068 1.00000 1.938E+00
  2.500E+08 2.500E+08 3.919E+00 3.218E+02 4.489E+02 1.416E+02 9.122E+02 9.161E+02 1.608E+06 18.6531 1.00000 1.938E+00
  3.000E+08 3.000E+08 3.943E+00 3.861E+02 5.387E+02 1.699E+02 1.095E+03 1.099E+03 1.658E+06 19.0178 1.00000 1.938E+00
  3.500E+08 3.500E+08 3.964E+00 4.505E+02 6.284E+02 1.982E+02 1.277E+03 1.281E+03 1.700E+06 19.3261 1.00000 1.938E+00
  4.000E+08 4.000E+08 3.982E+00 5.148E+02 7.182E+02 2.265E+02 1.459E+03 1.463E+03 1.736E+06 19.5931 1.00000 1.938E+00
  4.500E+08 4.500E+08 3.999E+00 5.792E+02 8.080E+02 2.548E+02 1.642E+03 1.646E+03 1.769E+06 19.8287 1.00000 1.938E+00
  5.000E+08 5.000E+08 4.013E+00 6.435E+02 8.978E+02 2.831E+02 1.824E+03 1.828E+03 1.797E+06 20.0394 1.00000 1.938E+00
  5.500E+08 5.500E+08 4.026E+00 7.079E+02 9.875E+02 3.114E+02 2.007E+03 2.011E+03 1.824E+06 20.2300 1.00000 1.938E+00
  6.000E+08 6.000E+08 4.038E+00 7.722E+02 1.077E+03 3.397E+02 2.189E+03 2.193E+03 1.847E+06 20.4041 1.00000 1.938E+00
  7.000E+08 7.000E+08 4.060E+00 9.009E+02 1.257E+03 3.963E+02 2.554E+03 2.558E+03 1.890E+06 20.7124 1.00000 1.938E+00
  8.000E+08 8.000E+08 4.079E+00 1.030E+03 1.436E+03 4.530E+02 2.919E+03 2.923E+03 1.926E+06 20.9794 1.00000 1.938E+00
  9.000E+08 9.000E+08 4.095E+00 1.158E+03 1.616E+03 5.096E+02 3.284E+03 3.288E+03 1.958E+06 21.2150 1.00000 1.938E+00
  1.000E+09 1.000E+09 4.110E+00 1.287E+03 1.796E+03 5.662E+02 3.649E+03 3.653E+03 1.987E+06 21.4257 1.00000 1.938E+00
