Cluster,Events,Channels,StartTime,TimeSpread,NRMSE,Zenith,Azimuth,ExtraCh,MissingCh
0,5,5,7194.345,0.49399999999968713,0.5870382160735752,0.4051878187201591,-0.22281088934331522,0,1
1,5,5,37039.429000000004,0.8459999999977299,0.898893445858559,0.743109349439766,-0.733421358645661,0,2
2,9,9,42897.221,0.8320000000021537,0.8404472879698397,0.7709406806204018,-1.3454675851275177,0,3
3,5,5,62388.31,0.5900000000037835,0.6975745485962698,0.7704005664912879,-0.6752249298082229,0,4
4,5,5,73675.64,0.7780000000057044,0.6030656722040785,0.42678037724428425,-0.3065935481744219,0,6
5,5,5,76696.204,0.5259999999980209,0.7148146030853209,0.6440022338633288,-0.2314384335840994,0,8
6,8,8,88352.21100000001,0.8219999999855645,0.5440417751018597,0.6711717014678112,-1.5707963267948966,0,4
11,5,5,94229.59700000001,0.9349999999976717,1.8474242542107147,0.833785263558621,-0.008620053099491544,3,1
12,8,8,94865.748,0.6190000000060536,1.1747731426957624,0.42751689960219674,-1.2622399706820198,2,0
13,5,5,112204.672,0.39400000000023283,2.068990986065918,0.5968111141784967,0.3837250235538543,2,2
14,5,5,127218.905,0.6209999999991851,0.4720049278956023,0.2449861153645142,-1.5707963267948966,0,6
15,10,8,140868.85400000002,2.8439999999827705,1.0741746563278773,0.835588703075806,-0.5925580950571356,1,1
16,7,7,147678.08,0.3850000000093132,0.7322222614898859,0.27060626911795715,1.1676207855083238,1,6
17,6,6,152502.289,0.50700000001234,0.6143854116821149,0.2725328673638116,-0.4633876633431965,0,5
18,8,8,161379.121,0.5409999999974389,0.6659470471335555,0.11980522068519496,-0.0,0,4
19,6,6,161543.956,0.05799999998998828,0.6624731014706474,0.6299282174326573,0.08688986261808969,0,2
20,7,7,170976.143,0.5719999999855645,0.8478203335613238,0.5218324938282942,-1.4061579596056581,0,5
22,5,5,176692.76,0.3929999999818392,0.822174919863715,0.8626442163369449,0.540379039525023,0,1
24,7,7,203849.699,0.5450000000128057,0.7117581045738584,0.7844264078909443,-0.8457733088114288,0,4
26,5,5,218876.555,0.8880000000062864,0.603076604638036,0.5292019370375693,-0.46364760900080637,0,3
27,14,6,222403.933,1.0190000000293367,0.930906167513069,0.2835245192987409,0.0,1,3
28,5,5,240853.586,0.47500000000582077,0.8887097172619326,0.7289151826822913,-1.281318950290967,1,1
29,6,5,242107.026,1.271999999997206,0.9162187878611767,0.17724994457084808,-0.0,1,5
30,6,6,251420.43,0.45500000001629815,0.6904186277667022,0.534048691468143,1.1872134189587429,0,2
31,5,5,257842.694,1.0980000000272412,0.7273082994868686,0.9319475087545768,-0.4205235224646249,0,3
32,10,10,266609.32800000004,0.534999999916181,1.5427698359856659,0.44056296938641526,0.6366535670213219,3,3
33,8,8,286320.871,0.3570000000181608,1.17807452230309,0.42817667063601156,1.3422464772553342,1,1
34,7,7,291814.975,0.4750000000349246,0.5244070263338287,0.6196890154744749,-1.5707963267948966,0,6
35,5,5,307546.773,1.643999999971129,0.6847874629555646,0.7215223338568586,-0.8564847720556139,0,6
36,9,5,318812.918,2.581000000005588,1.0969363459173935,0.1366077576499702,-0.0,2,7
37,6,6,332430.708,1.0270000000018626,1.4612488706318019,0.4296060057862211,-0.9975622411218081,2,3
38,5,5,346571.419,0.3500000000349246,0.6694362628447207,0.7647213691452847,-1.5707963267948966,0,1
39,6,6,368909.868,1.6449999999604188,1.024868882542679,0.16320357682961328,-0.0,2,6
40,6,5,368921.96499999997,0.2960000000311993,1.1404388725458185,0.1230782450959423,-0.0,2,10
41,8,7,368937.251,0.5470000000204891,1.5033711911134993,0.3376462900976723,-0.4715271395688846,4,3
42,9,7,371526.065,1.7779999999911524,0.8018485798243165,0.3558592629857648,1.2193811078802927,0,0
43,6,5,371713.242,0.7349999999860302,1.1404388725458188,0.1230782450959423,-0.0,2,10
44,7,6,376142.215,0.279999999969732,1.0357028883599384,0.18718107101520032,-0.0,2,5
47,7,6,380069.767,0.21700000000419095,0.917917791893231,0.1549768356172789,-0.0,2,7
48,5,5,381519.424,1.353000000002794,1.4408887255323184,0.9501541815694483,0.4372393279540939,1,2
49,5,5,388681.719,0.5650000000023283,1.0576716794412309,0.18041947694096663,-0.0,1,5
51,5,5,388726.23600000003,0.7369999999646097,1.0576716794412309,0.18041947694096663,-0.0,1,5
52,7,7,389157.688,0.6849999999976717,0.7304722554392907,0.7463098188115083,0.3006402887359584,0,3
53,6,6,415601.978,2.0900000000256114,0.9910314983103694,0.6938682332312434,-0.380910183406938,0,3
54,5,5,427394.233,0.7690000000293367,0.7981089417243294,0.6899504454088614,-1.0518987702387639,0,4
56,11,6,449498.341,2.504000000015367,1.574023427531399,0.06014453744086669,-0.7733653739839608,5,10
57,6,6,457473.1,0.3080000000190921,0.7108711334774097,0.7772728492326016,1.2500309765274575,0,3
58,7,7,459425.85199999996,0.6210000000428408,0.813386638820592,0.7330892637849298,0.7198753517710899,0,1
59,14,11,472979.63200000004,0.23300000000745058,0.9866171977719216,0.2291411290172121,-1.1176728138818042,3,3
60,5,5,490386.737,0.42099999997299165,0.9606004704198178,0.7089927871314375,1.1879484488191203,0,3
61,9,9,502626.767,0.7700000000186265,0.7817049586531193,0.7054702172795512,0.1925598894996454,0,4
62,7,7,503648.145,0.29099999996833503,0.5769186723311387,0.21707705693905757,1.5707963267948966,0,1
63,5,5,504027.67000000004,0.08899999997811392,0.6866789385284595,0.6521394962511039,1.225418210265034,0,3
64,6,6,511163.00399999996,0.36900000006426126,0.4355301653719418,0.5863718101754559,-1.5707963267948966,0,5
65,8,8,520299.79500000004,1.8039999999455176,1.1020069012332134,0.7158734559967577,-0.9921793825194761,2,5
66,7,6,521381.36699999997,0.35800000006565824,0.8061625130943815,0.9386305584647483,0.21084006589947596,0,1
67,7,7,526333.11,1.0709999999962747,0.5622463473036552,0.9194992441770661,-0.3220767391196897,0,1
68,5,5,531412.7320000001,0.5279999999329448,0.7829376817757727,0.6338024554734052,0.48750633192132625,0,5
69,7,7,536830.4659999999,0.45900000003166497,0.8570764454028209,0.7868086468034368,-0.7050865209641249,0,4
70,7,7,541432.024,0.40700000000651926,0.6271555048023568,0.6740047633429005,-0.005924355302258578,0,3
71,6,6,542920.4630000001,0.8779999999096617,0.73096545987993,0.34156210864157904,-0.949540768097917,0,3
72,8,8,543247.1290000001,0.8149999999441206,0.6175886611577621,0.12474304164444953,-0.0,0,5
73,5,5,548566.827,0.43299999996088445,0.8126123018524388,0.9881244618797488,-1.2461898402472884,0,3
74,7,7,574455.496,0.45399999991059303,0.7374525958424037,0.8384750393459802,0.7907674925065052,0,2
75,5,5,574806.264,0.8499999999767169,0.5586410715864629,0.6405601790142238,1.1746848233574803,0,5
76,6,6,586678.547,0.6330000000307336,0.6444984488291351,0.6959742234888054,-1.3647125819350518,0,4
77,8,7,598638.756,1.7739999999757856,0.7763112186114315,1.0884214245126609,1.433469654552773,0,3
78,5,5,612949.1579999999,0.9280000000726432,0.94185636993927,0.7035493782090686,0.7215239208584857,0,0
79,5,5,616078.147,0.22800000000279397,0.5160627765341905,0.906359456329468,1.3723006095123966,0,2
80,6,6,651175.951,0.5279999999329448,0.4561731065951811,0.21548643336214932,1.5707963267948966,0,4
81,7,7,669083.918,0.2240000000456348,0.8211486885486899,0.8404327935786046,1.2290124582968005,0,2
82,8,8,669489.284,0.5860000000102445,0.8739508812608162,0.3835691692296982,-1.090760155014687,0,2
83,5,5,673770.413,0.734000000054948,0.853999198451491,0.6715483326766153,-1.0397266222429462,0,5
84,11,10,675591.709,0.3239999999059364,1.1874910164631065,0.571951378241238,-0.7463080280735941,4,2
85,6,6,676113.834,0.3539999999338761,1.098245710603133,0.4654229035685498,0.4636476090008061,1,5
86,5,5,680695.069,0.8989999999757856,1.3073014539769185,0.23830406597996218,-0.333107057499387,2,4
87,5,5,723612.259,0.8140000000130385,0.2138987388532128,0.9880348110161249,0.9829009568866968,0,5
88,5,5,728629.207,0.21299999998882413,0.9745941511590928,0.5184635770190757,0.618142290921186,0,3
89,7,7,751121.223,0.6800000000512227,0.6936743483970469,0.9815356811785624,0.24448839127703673,0,3
90,9,9,751225.5210000001,0.8009999999776483,0.7580793024506097,0.2972209740264943,-0.3688506411132436,0,2
91,13,12,752749.345,2.0450000000419095,0.8643993922340664,0.5981762438834543,0.4115199688236117,1,4
92,5,5,754239.682,0.6059999999124557,0.8337690366430713,0.42343467275325114,-0.12856328547669066,0,3
93,8,7,763923.817,0.37399999995250255,0.9142609864025697,0.7313464921090561,0.55813998935695,0,0
94,8,8,770545.074,0.5059999999357387,0.7936457524856714,0.6278693250914891,-0.9830269886025536,0,6
95,6,5,792130.226,0.9409999999916181,1.6697740935738006,0.18460706115067568,0.2592402169393259,4,8
96,6,5,794715.97,0.026000000070780516,0.7154868406754659,1.1152827935330354,0.08523897413267144,0,1
97,16,8,796955.317,2.147999999928288,1.4741094474658718,0.07338473319253068,0.5749214564602828,7,8
98,7,7,809270.522,0.48900000005960464,0.7850202868378612,0.32289094008379143,-0.7983293726358396,1,6
99,8,8,820126.734,0.05700000002980232,0.5633422735333671,0.194830367044723,0.0,0,2
100,5,5,871515.6730000001,0.7939999999944121,0.9069142883512442,0.7160343734264081,-0.2597495782987097,0,3
102,9,9,873250.757,0.9910000000381842,0.6301265157918032,0.39179501149348606,1.5707963267948966,0,2
103,6,6,884217.2139999999,0.5289999999804422,0.7854202602035953,0.3668476908605355,-0.7803220648641496,0,5
104,6,6,884695.9839999999,0.6459999999497086,0.6407229860711917,0.4339120195757677,0.37007365898370975,0,3
105,7,7,894243.997,0.8419999999459833,0.7778184716782175,0.815766290316672,-1.072866574465558,0,6
106,6,6,897905.646,1.1400000000139698,0.9084513650210939,0.9411238333999066,0.9201470805445681,0,2
107,8,8,909024.4099999999,0.443000000086613,0.9385057091925098,0.5727751973998134,-0.8467115912032356,1,4
108,5,5,917020.01,0.21100000001024455,0.35164759071040363,0.6992956030439647,0.018815284139442116,0,5
110,6,5,926447.55,1.7399999999906868,2.298299850876078,1.4343479191675168,-1.5037028603737277,4,5
113,13,9,927336.38,1.1559999999590218,2.0908198945018324,1.5551503823393695,-0.9625982120146878,7,6
114,7,7,931250.577,0.5109999999403954,0.6413528773619674,0.41157056553636356,-0.8148510236958736,0,2
115,8,7,941722.853,0.5420000000158325,1.3287676075086434,0.5429651403886014,-1.1646409554924761,4,1
116,5,5,946896.537,0.5860000000102445,0.8250803287310099,0.5412512075448501,-1.138068394450987,0,4
117,5,5,952854.508,0.044999999925494194,0.6514974733179741,0.3443071250257765,0.7803220648641501,0,6
118,6,6,987690.174,1.353000000002794,0.6238899051666515,0.8621655586535029,-0.6344140959221637,0,5
119,5,5,1003188.268,0.6109999999171123,2.207839139020693,0.690196770442888,1.1513709886453503,2,4
120,6,6,1005749.058,0.6460000000661239,0.8588853708723813,0.9930225343572728,-1.2676455824420567,0,4
121,5,5,1052104.133,0.8120000001508743,0.6339386851540817,0.5523637480373909,0.49444118317900293,0,9
122,6,6,1061264.952,1.2220000000670552,0.739208606053714,0.9011612251050047,-0.7491492531712526,0,5
123,10,10,1063850.6840000001,0.6620000000111759,0.7538529847350034,0.5535482576233159,-1.3860363138507485,0,1
124,9,7,1064504.839,2.3120000001508743,0.769644879874017,1.446114374083695,1.5707963267948966,1,0
125,5,5,1066127.7820000001,0.4629999997559935,0.6095480739163396,0.30329348098634723,-1.5707963267948966,0,7
126,7,7,1078385.689,0.9979999999050051,0.7383404383406924,0.6076821000266287,-1.2269551794966977,0,7
127,9,6,1082705.594,3.3570000000763685,0.742423449263655,0.46742726900089054,-0.3776962869962174,0,2
128,6,6,1091916.041,0.4039999998640269,0.7558637914033938,0.5635172868728859,-1.0884818598302508,0,1
129,8,6,1096730.566,0.6339999998454005,0.6220534380795211,0.31199068854100215,0.3468177740638335,0,4
130,7,5,1098172.03,1.6339999998454005,0.7417342461790559,0.7051710645830744,-1.5707963267948966,0,2
131,7,7,1104809.315,0.4940000001806766,0.8002783007971085,0.7155725206599632,0.0929600242067012,0,1
132,5,5,1111343.547,0.3489999999292195,1.1911518009092994,0.448243082679448,-0.8383465734623037,1,5
134,5,5,1113032.976,2.6010000000242144,1.0605473687291533,1.2972882040847926,-1.4281234554023354,1,2
135,5,5,1115336.516,0.05899999989196658,0.8798468695639368,1.3038522328419615,-1.4113525475900515,0,1
136,5,5,1117192.042,0.4930000000167638,0.718824997704684,0.5886064977962021,-1.5707963267948966,0,8
137,12,12,1142282.54,1.5529999998398125,1.6474354686099482,0.5091645649024866,-0.9454878168565534,3,2
138,8,8,1143462.5820000002,0.8469999998342246,0.0,0.0,0.0,0,5
140,6,6,1147687.63,2.04300000006333,1.0096043775469725,0.3968576219625892,-1.192709813166505,1,4
141,10,9,1151019.0599999998,2.380000000121072,0.703715946577746,0.5188234623119177,-0.32879549984245127,0,2
143,8,8,1167910.6139999998,1.2320000000763685,1.1826994900884356,0.6827421584364014,1.3562093715129326,3,1
144,6,6,1178811.541,0.06500000017695129,0.5167799638313132,0.2008028018432602,1.5707963267948966,0,4
145,5,5,1193890.453,0.5969999998342246,0.6330267881910647,0.35077949428392996,-0.4636476090008063,0,4
146,5,5,1204986.356,0.34799999999813735,0.7663812077846999,1.360596680520141,1.3210241399720801,0,3
147,5,5,1211051.357,0.7369999999646097,0.8367957130058519,0.6416811509146143,0.8064417326859958,0,1
148,10,10,1218187.585,0.9170000001322478,0.9746852528466415,0.35031107199168987,-0.9205978607421532,1,1
149,10,10,1231764.071,0.9830000000074506,1.2196719302271886,0.4977089039975074,-0.7739272815321955,3,4
153,7,6,1249210.228,0.14200000022538006,1.1693116251603628,1.1831640032019775,1.5397582156730059,2,0
154,6,6,1250029.274,0.6650000000372529,0.4016405291229686,0.1679321584565521,0.780322064864149,0,7
155,6,5,1251734.201,0.4500000001862645,0.7235306494635243,1.0012947120940099,-1.2354720674105841,0,4
156,6,6,1282240.7049999998,1.0479999999515712,0.501394058754485,0.7894352723122205,0.0031126500615040937,0,6
157,10,10,1285392.262,1.2889999998733401,2.2590657032132397,0.6267584250218156,-0.03651266465969941,6,1
159,6,6,1302689.1060000001,0.060999999986961484,5.97089075707602e-16,0.0,0.0,0,7
160,8,8,1303070.1469999999,0.8780000002589077,0.499521774311893,0.9891501219121749,-1.5707963267948966,0,5
161,29,23,1310241.124,3.984999999869615,1.2690832034867106,0.6014520101750302,-0.5775140300272,9,0
162,7,7,1335442.33,0.5319999998901039,0.9033488351952621,0.4044761683889475,1.3619499329862608,1,2
163,5,5,1353976.3830000001,0.6639999998733401,0.4765338284834696,0.2474310824040438,-0.0,0,6
164,7,7,1355271.749,1.0449999999254942,0.4890108955971379,1.373505442899867,1.5707963267948966,0,3
165,7,7,1357682.646,0.5509999999776483,0.8180438274585038,0.3029685735501332,0.4674416576590278,0,3
166,16,14,1359501.114,2.544999999925494,1.1709188310810268,0.24588475722821854,1.468665379236228,4,1
167,10,10,1361594.7999999998,0.7670000002253801,0.7791708526648778,0.7357570798999198,0.5161595114208477,0,6
168,10,10,1365404.071,0.8140000000130385,0.5027278916641499,0.13523084095957516,-0.0,0,2
169,5,5,1371908.496,0.6850000000558794,0.678159104645666,0.7996548075382989,-0.9470027121782387,0,7
170,8,8,1381835.1940000001,0.6539999998640269,0.7992468956129148,0.32789800257802587,-0.5472793680610077,0,4
171,5,5,1388976.894,0.29300000006332994,0.651497473317974,0.34430712502577676,0.7803220648641497,0,3
172,6,6,1409382.855,0.9860000000335276,0.7047285784912125,0.3989179367824103,-1.1810369074341485,0,2
173,5,5,1411247.412,1.006000000052154,0.773884771387879,0.6395609878393756,-0.4356986973331387,0,2
174,6,6,1412902.024,0.4870000001974404,0.8839546087346293,0.45488104243110566,-0.6472315785471277,1,6
175,7,7,1414804.229,0.8859999999403954,0.8161685499541909,0.4587001629929444,-0.4992545785670484,0,5
176,11,11,1419577.513,1.0130000000353903,0.5081736280384901,0.05243437265961093,0.0,1,3
177,6,6,1423651.63,0.6140000000596046,0.7428235182669135,0.7348962287202981,-0.9669533764844811,0,0
178,5,5,1430650.727,0.047999999951571226,0.7002589455179373,1.0351599521528712,-1.3747991370250783,0,1
179,9,9,1451084.297,1.7100000001955777,1.6688802132438962,1.2951891681154097,-1.3093987727179084,5,1
180,12,6,1453551.3849999998,3.055000000167638,0.827074855106063,0.27738234882736135,0.0,2,3
181,9,6,1453562.6,1.421000000089407,0.9713511225401246,0.31286578974838,0.0,1,3
183,9,9,1465053.287,0.8220000001601875,0.9596422377008722,1.3942430746024561,1.31781029304364,0,0
184,8,8,1468740.037,0.6949999998323619,0.6941352411696571,1.0290017376989886,0.021320567183138146,0,6
185,8,8,1511644.411,0.6039999998174608,1.4281703394873682,0.888023080928538,-0.2434866743645606,3,4
186,6,6,1542381.489,1.070999999763444,0.554546061380315,0.27012846378145927,-1.5707963267948966,0,5
187,10,10,1553780.324,0.5719999999273568,1.8402741731648993,0.015338338489913023,-1.3897931602966744e-14,2,5
188,7,7,1558137.001,0.7669999999925494,0.5911382669258397,0.3488348381355149,0.11220624715859293,0,3
189,5,5,1582383.006,0.20699999993667006,0.6327633588890585,0.9022871171451761,0.2405134347448495,0,0
190,10,9,1590444.428,0.05899999989196658,0.5614000942370073,0.18382485705515658,0.7803220648641499,0,4
191,9,7,1616704.565,0.9420000000391155,0.6460482969700855,0.24215635913320632,-0.6980973498912676,0,3
193,8,8,1670669.006,0.027000000001862645,0.6569564853662087,0.23821214393151519,-0.7803220648641501,0,1
194,6,6,1681739.335,0.5310000001918525,0.9475484658872901,0.8262804437660571,-0.9368085483741271,1,3
195,5,5,1702662.472,0.4969999997410923,0.647539102247966,0.5694675937872099,-1.2416545343209704,0,3
196,6,6,1712884.368,0.8319999999366701,0.6312958332720524,0.9390364317789265,-0.8969283814617315,0,6
197,7,7,1713420.696,0.912999999942258,0.5417259419426974,1.1197651719154367,1.5707963267948966,0,2
198,8,8,1721639.8059999999,1.4890000000596046,1.5849333862012855,0.7243502840980801,0.7483688019881801,2,8
199,5,5,1729207.746,0.4359999999869615,0.7553122720008897,0.5948161165615176,0.3926699917673668,0,3
200,7,7,1737018.8960000002,0.8969999998807907,0.7997609630822167,0.299920326828631,-1.0615352913408145,1,1
201,5,5,1757830.648,0.2479999999050051,0.6095480739163394,0.30329348098634684,-1.5707963267948966,0,2
203,6,6,1759875.92,0.6350000000093132,0.851706665345305,0.5698815717073819,-1.33677073374989,0,1
204,6,6,1762281.1639999999,0.7800000000279397,0.6580553839341665,0.3449766185335844,0.40013046038989736,0,5
205,5,5,1782861.0050000001,0.6529999999329448,0.6095480739163396,0.30329348098634723,1.5707963267948966,0,2
206,6,6,1783563.606,0.5220000001136214,0.7036210301439404,0.24022647213577514,0.5415289795626382,0,3
208,6,6,1796998.582,0.9299999999348074,0.7091246067298782,0.36704092477484773,0.35652789588713346,0,4
209,9,9,1810971.7729999998,1.2340000001713634,1.045865256149772,0.5594185998094771,-1.1843874956425209,1,3
210,5,5,1818810.868,0.7149999998509884,1.2088853502658368,0.7198749336691215,-0.8387423021179331,1,7
211,5,5,1823019.831,0.45600000000558794,0.7309345352579358,0.5250366978668338,1.1170867232283679,0,2
212,6,6,1863024.8,0.610999999800697,0.694652861479839,1.457579990054977,-1.5707963267948966,1,0
214,6,6,1898832.013,0.9920000000856817,1.407337946496963,0.6357280832359081,-0.27865751180199494,2,5
215,7,7,1922395.219,0.5679999999701977,0.7773414514690361,0.7361357256909974,-1.2327659367665424,0,4
217,6,6,1946488.436,0.10699999984353781,0.512955945745956,0.624851071944456,-1.5707963267948966,0,4
218,5,5,1955146.7010000001,1.3849999997764826,0.7233645587897494,0.9567820305095301,-0.08200501973909259,0,2
219,8,8,1962204.672,1.5989999999292195,0.6765757916808716,0.1765661201295057,-0.737504429190617,1,4
220,6,6,1970113.4959999998,0.6110000002663583,0.7962174564528447,0.9321469039601565,0.9028300998859458,0,6
221,7,6,1971551.2110000001,2.1369999998714775,0.9649593516789807,0.9000476037415602,0.9476127695155517,0,1
222,7,7,1973058.616,0.4880000001285225,0.6347752772338193,0.3476552204978891,-0.4163127754676085,0,4
223,7,7,1978817.723,0.7260000000242144,0.7974927832724682,0.43807868815985984,1.278793109391343,0,3
224,7,7,1982944.332,1.351000000257045,1.4548712205442556,0.9448814076365613,-0.9401413121111204,2,7
225,7,7,1984818.95,0.7140000001527369,0.9445553193376244,0.9349838860041797,1.3662565449799422,0,7
226,7,7,2003993.2619999999,0.6790000002365559,0.5622463473036553,0.9194992441770654,0.3220767391196898,0,1
227,6,5,2025686.298,0.5480000001844019,0.7881606881044904,0.7768874423795008,0.313735014890321,0,4
228,6,6,2033705.6809999999,0.799000000115484,0.5335118767005361,0.5563702056346529,-1.5707963267948966,0,2
229,5,5,2051476.507,0.5979999999981374,0.6110317565605837,0.7430037031454377,0.38533636847089714,0,5
230,9,8,2052875.686,1.0220000001136214,1.3671870088801128,1.0006809018908445,0.8732065626823999,4,0
231,6,6,2055456.5089999998,0.03300000005401671,0.15355819450873634,0.7057279235984275,1.5707963267948966,0,5
232,6,6,2071776.5669999998,0.3070000000298023,0.0,0.0,0.0,0,7
233,11,11,2078406.925,0.5159999998286366,0.9557489941798538,1.08115825558452,-0.46490775445584365,0,3
234,5,5,2113561.965,0.28300000028684735,0.9171146143787204,0.7133372877443085,1.179138641866379,0,3
235,5,5,2150573.397,0.7080000001005828,0.7890456532424212,0.6348160249572439,-1.017028400789321,0,3
236,6,6,2165012.116,0.5350000001490116,0.8621328625058555,0.4797024749984798,-0.8469629101302361,0,2
237,6,6,2180551.813,0.5069999997504056,1.5490010879416294,0.6775684158564594,-0.6507736556215742,2,1
238,24,21,2195410.123,1.8839999996125698,1.4928470710848398,0.7250209686992937,-0.09738740165579148,8,3
239,7,7,2202195.127,0.3340000002644956,0.8289164677311512,0.658033070816198,1.141149707137211,0,4
240,8,8,2209013.856,0.6600000001490116,0.4558133028641233,0.25074493479175924,0.11305909563822686,0,5
241,6,6,2221390.566,0.3969999998807907,0.5552723230234521,0.45266605450027214,-0.10493422054999123,0,0
242,7,7,2249780.233,0.6239999998360872,0.7470813093134733,0.896560245573847,-1.1779837743889998,0,6
243,5,5,2275639.513,0.6329999999143183,0.6944815905122005,0.6238384969119068,-1.2116638468036687,0,4
244,14,14,2284004.409,1.5549999997019768,1.4481225491178917,0.48038942954368014,-1.3166326145912977,8,2
245,7,7,2307310.5379999997,0.9170000003650784,0.904702007863209,0.828108253977997,-0.9354811552764469,0,3
246,6,6,2322377.8159999996,0.16300000064074993,0.846810788809145,0.7968074356103395,1.2378183471086746,0,0
247,22,18,2322393.394,0.21500000031664968,1.386852092805974,0.3066049974115918,-0.8709386862484239,10,3
248,7,7,2333708.566,0.6639999998733401,0.8282242163724118,0.4537782904593298,1.1021580520522833,0,3
249,8,8,2334240.949,0.8809999995864928,1.3838028907377002,0.6370110220383851,0.027940482649484042,1,7
250,5,5,2338365.932,0.7770000002346933,0.7416291485367992,1.0178868735769548,0.6325774423890542,0,6
251,6,5,2341883.435,1.7669999999925494,0.9534591581562618,1.2510944053024702,0.7802836360361783,0,4
252,7,7,2350948.255,0.43599999975413084,0.9319976406772816,1.0620231924286738,-1.2451253054038782,0,6
253,8,8,2374940.8869999996,0.8140000002458692,0.5001783842239488,0.46255974391480037,-1.5707963267948966,0,1
254,5,5,2413420.5930000003,0.632999999448657,0.42652067309583186,0.7578157093675197,-0.48849555807586553,0,3
255,9,9,2434221.729,0.8040000004693866,1.3132876630799522,0.7047701507410856,1.3228310158228178,3,1
256,6,6,2440520.7640000004,0.8319999994710088,0.658135918335709,0.9314295769276936,0.37980508346180614,0,0
257,5,5,2444769.625,0.9249999998137355,0.8331874255093031,0.6493071711529602,0.9975923690113746,0,3
258,6,6,2463757.264,0.5839999997988343,0.8610436335151294,0.5131295938274453,-0.6864595648108301,0,3
259,5,5,2464349.4499999997,0.7390000005252659,0.5035760573067298,0.702730634216632,1.43284692443655,0,7
260,6,6,2495213.9200000004,0.6369999996386468,0.18475864978515075,0.8952650150382534,1.5707963267948966,0,0
261,7,7,2511390.526,0.7619999996386468,0.6031725615046651,0.38967737279635517,-0.7306049436061679,0,3
262,5,5,2546361.441,0.8479999997653067,0.5440275615827901,0.6259905441293552,-1.5707963267948966,0,8
263,6,6,2561422.3000000003,0.4609999996609986,0.947510266837726,0.605670371600501,-0.9341539601849931,1,3
264,6,6,2567249.49,0.7929999995976686,0.8375750000952531,0.7965616430409865,-1.3268285351942382,0,3
265,5,5,2580532.0700000003,0.044999999925494194,0.47653382848346953,0.24743108240404332,-0.0,0,3
266,6,6,2586678.918,0.7160000000149012,0.7409824048688738,0.8197940248405289,-0.6498309063191179,0,5
267,16,13,2620039.038,3.7449999996460974,1.9199314047539984,0.6345188253603303,0.7115045777366217,8,9
268,6,5,2638456.565,0.12800000002607703,0.9943722898523478,0.9253878115609793,-0.7654476025450484,0,2
269,5,5,2657215.617,0.7639999999664724,0.0,1.5707963267948966,1.5707963267948966,0,3
270,5,5,2674445.705,0.5530000003054738,0.6462918328441051,0.41313973578752383,-1.1614084033295422,0,5
271,5,5,2676968.565,0.3300000000745058,0.7965180518565589,0.8088169702661383,-0.8480491050787131,0,4
272,7,7,2686329.1479999996,0.7950000003911555,0.7169605615320087,0.46439699051089106,-0.7326340637624165,0,3
273,7,7,2694034.2879999997,0.5860000001266599,0.8394697020642515,0.8079547928055453,0.324614994265802,0,5
275,15,6,2710758.696,4.735000000335276,1.3272314867974493,0.6447812544471536,-0.17018387532155557,3,10
276,7,7,2728511.764,0.7299999999813735,0.6414476942810788,0.564813911552218,-0.8007123363646986,0,5
277,7,7,2739741.71,0.5750000001862645,1.0727538840271402,0.6477122260727252,-1.502346713562071,1,2
278,6,6,2747006.328,0.5369999995455146,0.7203353982086751,1.1507376523119421,-1.3983155413245272,0,2
